-1.579000000000000000e+03
-1.543300000000000182e+03
-1.323870000000000346e+03
-1.340183000000000447e+03
-1.291164700000000494e+03
-1.232748230000000603e+03
-1.197773407000000589e+03
-1.198196066300000666e+03
-1.111976459670000622e+03
-1.108778813703000651e+03
-1.134500932332700586e+03
-1.093450839099430596e+03
-1.159905755189487536e+03
-1.179515179670538828e+03
-1.255863661703484922e+03
-1.211677295533136657e+03
-1.251009565979823037e+03
-1.279108609381840779e+03
-1.321197748443656792e+03
-1.344777973599291272e+03
-1.291500176239362190e+03
-1.212750158615426017e+03
-1.158075142753883256e+03
-1.169567628478494953e+03
-1.108210865630645458e+03
-1.134589779067580821e+03
-1.075430801160822739e+03
-1.107287721044740465e+03
-1.052258948940266464e+03
-1.084133054046239749e+03
-1.045719748641615752e+03
-1.002847773777454222e+03
-1.053762996399708754e+03
-1.065486696759737924e+03
-1.098638027083764200e+03
-1.130974224375387848e+03
-1.149676801937849177e+03
-1.226009121744064259e+03
-1.251408209569657856e+03
-1.209467388612692048e+03
-1.198820649751422934e+03
-1.253438584776280777e+03
-1.311894726298652586e+03
-1.343905253668787509e+03
-1.285714728301908735e+03
-1.354043255471717885e+03
-1.293338929924546164e+03
-1.250105036932091480e+03
-1.299494533238882468e+03
-1.243845079914994130e+03
-1.201760571923494808e+03
-1.131684514731145327e+03
-1.189916063258030817e+03
-1.235024456932227622e+03
-1.182822011239004951e+03
-1.124639810115104410e+03
-1.165275829103593878e+03
-1.186848246193234445e+03
-1.181563421573911228e+03
-1.112207079416520173e+03
-1.089586371474868201e+03
-1.156427734327381359e+03
-1.168184960894643382e+03
-1.048866464805179021e+03
-1.068679818324661028e+03
-1.074711836492195062e+03
-1.011140652842975555e+03
-1.026026587558677875e+03
-1.044023928802810133e+03
-1.008321535922529165e+03
-1.017989382330276271e+03
-1.084990444097248655e+03
-1.078991399687523881e+03
-1.078992259718771493e+03
-1.088593033746894434e+03
-1.129933730372204991e+03
-1.151040357334984492e+03
-1.170236321601485997e+03
-1.174412689441337534e+03
-1.169171420497203826e+03
-1.137354278447483466e+03
-1.170818850602735210e+03
-1.175936965542461849e+03
-1.104543268988215686e+03
-1.089588942089394095e+03
-1.070930047880454822e+03
-1.088237043092409294e+03
-1.113113338783168274e+03
-1.114102004904851583e+03
-1.184791804414366425e+03
-1.160512623972929759e+03
-1.180361361575636920e+03
-1.141425225418073069e+03
-1.246582702876265785e+03
-1.322924432588639320e+03
-1.155731989329775388e+03
-1.259658790396797940e+03
-1.239192911357118192e+03
-1.246873620221406327e+03
-1.223886258199265740e+03
-1.310897632379339257e+03
-1.325107869141405217e+03
-1.374297082227264809e+03
-1.414567374004538351e+03
-1.413410636604084402e+03
-1.420269572943675939e+03
-1.436442615649308436e+03
-1.435298354084377706e+03
-1.500568518675939913e+03
-1.477511666808346035e+03
-1.535960500127511523e+03
-1.605964450114760439e+03
-1.658468005103284668e+03
-1.673421204592956201e+03
-1.685679084133660581e+03
-1.520411175720294523e+03
-1.512870058148265116e+03
-1.569083052333438673e+03
-1.618074747100095010e+03
-1.555867272390085418e+03
-1.804380545151077058e+03
-1.792742490635969261e+03
-1.764068241572372244e+03
-1.724761417415134929e+03
-1.656685275673621618e+03
-1.596116748106259365e+03
-1.571205073295633611e+03
-1.531984565966070477e+03
-1.518586109369463429e+03
-1.548027498432517177e+03
-1.554724748589265573e+03
-1.512052273730339039e+03
-1.551247046357305180e+03
-1.547022341721574776e+03
-1.540720107549417435e+03
-1.518248096794475714e+03
-1.481223287115028143e+03
-1.390000958403525374e+03
-1.405700862563172905e+03
-1.494330776306855796e+03
-1.459797698676170285e+03
-1.411717928808553324e+03
-1.447646135927698197e+03
-1.488981522334928286e+03
-1.370683370101435457e+03
-1.393515033091292025e+03
-1.404363529782162914e+03
-1.380727176803946577e+03
-1.343654459123551987e+03
-1.466989013211196834e+03
-1.470790111890077242e+03
-1.340511100701069608e+03
-1.326859990630962784e+03
-1.462173991567866551e+03
-1.513856592411080101e+03
-1.517270933169972068e+03
-1.492043839852974997e+03
-1.535939455867677680e+03
-1.637145510280910003e+03
-1.655930959252819093e+03
-1.668737863327537298e+03
-1.778764076994783636e+03
-1.720987669295305295e+03
-1.687588902365774857e+03
-1.670330012129197485e+03
-1.963997010916277759e+03
-1.903497309824650074e+03
-1.827947578842185067e+03
-1.878052820957966787e+03
-1.922347538862170040e+03
-1.916812784975953036e+03
-1.791731506478357687e+03
-1.891658355830521941e+03
-1.837092520247469793e+03
-1.844583268222722836e+03
-1.679524941400450643e+03
-1.766372447260405579e+03
-1.835335202534365180e+03
-1.890401682280928526e+03
-1.869761514052835764e+03
-1.979185362647552211e+03
-2.184466826382797080e+03
-1.987220143744517372e+03
-1.966498129370065726e+03
-1.969648316433059108e+03
-1.768583484789753356e+03
-1.903325136310777907e+03
-1.841392622679700253e+03
-2.468553360411730409e+03
-2.695398024370557323e+03
-2.709358221933501682e+03
-2.763822399740151468e+03
-2.700940159766136276e+03
-2.565346143789522557e+03
-2.601011529410570347e+03
-2.472910376469513267e+03
-2.439019338822562077e+03
-2.559217404940305642e+03
-2.455795664446275168e+03
-2.642616098001647970e+03
-2.616354488201483036e+03
