-5.400030394770880093e+01
-1.864193004274751786e+02
-2.456034448238122820e+02
-8.055669730238405180e+01
-1.036402075280773545e+02
-1.238866691288947095e+02
-1.254919255841048908e+02
-1.277579987554169350e+02
-8.907600249289015437e+01
-8.576262979670390507e+01
-3.387978976445282342e+02
-1.814347757586504031e+02
-1.259558894984736241e+02
-9.956228255455548037e+01
-7.999487282565985424e+01
-1.235120605739766972e+02
-3.368130484999140890e+02
-3.042468714257688589e+01
-8.779652432946717511e+01
-3.899607639345113625e+02
-8.338018626219118801e+01
-4.437725918780222401e+01
-6.106558044685223052e+01
-1.898641591861426150e+02
-1.104230248856871270e+02
2.546219742970828293e+01
-4.920962361032324850e+01
-9.280466655466823056e+01
-1.079958891196981341e+02
-2.606950415466250774e+02
-1.690883920813943178e+02
-1.296352239547088914e+02
-1.223949090370844885e+02
-1.299207749762805690e+02
-2.197124996170520035e+02
-5.091321260487998757e+01
-1.779029202809593642e+02
-2.449900279059657464e+02
-1.591674168019062563e+02
-2.101956054521219244e+02
-1.443352876959693560e+02
-5.288468133467709009e+01
-6.215440633700798401e+01
-2.715598131956571137e+02
-7.806556231579774874e+01
-1.736243453446452918e+02
-2.222386647980781049e+02
-7.619400945978193818e+01
-1.896923366097350652e+02
-1.284557353136939355e+02
-9.928239870312980031e+01
-2.994435749813084158e+02
-1.282905865300209030e+02
-9.358474656781343981e+01
-5.993058931594218564e+01
-2.786645005741070236e+02
-9.127403505538391926e+01
-2.507127587864383145e+01
-1.903549101507359751e+02
-8.483392667019549549e+01
-1.722730461444264165e+02
-2.039755035297663710e+02
-1.615249528751378421e+02
-2.147977492239664343e+02
-8.194002041543103587e+01
-4.879505340911298106e+01
-5.529033666791810475e+01
9.799744144898028253e+00
-1.408411929602100940e+02
-1.276399617566544293e+02
-1.283983459325299350e+02
-3.530843546354012119e+01
-1.173220896432679297e+02
-7.153496310474848485e+01
-1.218736876440546553e+02
-5.888589087733297589e+01
-1.013993883548561143e+02
-1.442259268198172038e+02
-3.631861317618512430e+02
-1.713189163509824482e+02
-8.427829859874776730e+01
-1.824906322441529198e+02
-4.401818523820404749e+01
-1.103652488533536911e+02
-1.315298306016763377e+02
-3.588026120796996565e+02
-9.101157987347120581e+01
-4.511991039265111567e+02
-1.367168399825213214e+02
-9.060181067250357501e+01
-1.308851392583419226e+02
-3.221226677444774396e+02
-7.207112421442727168e+01
-1.229881200417586768e+02
-1.198759365022672938e+02
-1.317883226045616993e+02
-8.520214518822442074e+01
-6.873036431267784963e+01
-1.018734173555024540e+02
-1.103304216362838019e+02
-8.461551119759781159e+01
-1.105571189968571844e+00
-1.133388349891471023e+02
-8.225730415042841059e+01
-6.134803084367340631e+01
-2.149389351019502215e+02
-7.263898292784192279e+01
-4.389617658537440548e+01
5.750611890627666867e+00
-1.753329062035590482e+02
-1.585355010543466960e+02
-3.696330979339120404e+01
-3.910050988004961425e+01
-3.989490994308086158e+01
-1.313008580381894603e+02
-1.078939614378345198e+02
-1.217754770030469871e+02
-3.716831890005353216e+02
-9.200173598937301733e+01
-1.931687622144916645e+02
-6.045582396795253999e+01
-1.244892729234747151e+02
-8.462557846406087947e+01
-7.921943106914487487e+01
-2.552576606702464801e+02
-1.174310348676885383e+02
-3.401342337542987337e+01
-1.344957194244696552e+01
-4.662890102547777360e+01
-4.978120646049161735e+01
-1.099354555621144556e+02
-3.674749861500706061e+01
-7.569977593113650016e+01
-8.647038111497107593e+01
-1.474566417877645961e+02
-6.212352688557398039e+01
-1.870538787284377236e+02
-6.854471129830184850e+01
-8.699801541672388794e+01
-7.586989904296274290e+01
-2.496613481617676769e+02
-5.725986893890876672e+01
-1.354508570740543405e+01
-7.730570090157765151e+01
-3.017060416072024509e+01
-4.860929510496688977e+01
-5.807047664838916745e+01
-2.411762879380819413e+02
-4.848891400504240323e+01
-7.029721288487368724e+01
-3.073514437028251223e+01
-6.921841314442258408e+01
-4.732353959890345152e+01
-1.466922807155574162e+02
-2.876172925821120430e+01
-4.274085211273749962e+01
-2.546810798198139025e+01
-4.384699124255691061e+01
-1.429570653446459971e+02
7.631468620705618378e+00
-1.948526035076326934e+02
-6.596062926705363338e+01
-9.070422485795845091e+00
-1.995152882031912327e+02
-3.455216036316424777e+01
-6.787537781038408014e+01
-7.981390138701041792e+01
3.122630924869315550e+01
-7.913907112086674545e+01
-8.969681887761959160e+01
-8.556936957562486157e+01
-4.218775314771647800e-01
-1.293152816311640265e+02
2.446869435469934473e+01
-7.900325454775554590e+01
1.415383476014936548e+01
-2.704717309315497005e+02
2.464261387228975764e+01
-1.110772954571297078e+01
-6.725880948005502091e+01
-7.312888110078591630e+00
1.925202235714560572e+01
-7.865160896152883652e+01
4.141106220954114292e+01
4.241523116796582826e+01
-4.947930273608436380e+01
-7.289961968940730230e-01
-2.286194624519495733e+01
-2.761360861178204118e+01
3.519970629558250153e+01
5.383294715939206299e+01
-5.400639601440195392e+00
-9.237360778811758166e+01
2.391414662556370274e+01
3.175315329656609453e+00
1.410126032173075572e+01
-4.624365747056758380e+01
-7.228907529381594088e+01
-6.649283478943718251e+01
-1.404853567206740195e+01
5.086495020386904287e+01
-3.456022697234335794e+01
-5.436883192532302900e+01
2.465560541737862366e+01
1.253363827241852668e+01
-6.554087549143005731e+00
-3.312611489457409419e+01
-2.121847437707505613e+00
3.899621280739681595e+01
5.227800986738020583e+01
8.763688795531976439e-01
2.708033471728069586e+01
6.139706877080791436e+00
2.489279937545286714e+01
-9.762500605043868518e+00
1.974509654043518481e+01
7.380423032202583045e+01
-5.763450205387293579e+01
-7.131562945184013813e+01
-2.731639248241773998e+01
-9.929840099630972361e+01
-1.703229846428753547e+01
-9.109811964617115621e+01
-3.662841897169257521e+01
1.049180694861226613e+02
3.658828355332551752e+01
-3.205691404199053629e-01
-4.449433870553644965e+01
-6.687098497687760812e+01
-1.286404094688626003e+02
1.467811731341726400e+01
-3.242077743528643197e+01
-3.129141580632750106e+02
-1.119845205875892447e+01
3.679621799091603407e+01
-7.247846327185591520e+01
5.678305499092274999e+00
-1.360942417662762978e+02
8.731579687051540528e-01
9.633871374041769187e+00
-1.278094236482731816e+01
-8.829864586428001871e+01
-5.504301828795440343e+01
-8.769355587485190995e+01
-3.088691899557153775e+01
6.203301147755140299e+00
-8.099739983485800110e+01
-1.289282133681550988e+02
-1.652051826168437287e+02
-5.122444282211470323e+01
2.421521676660000288e+00
-9.657294132135723430e+01
-6.295237175198943191e+01
-3.206368576445903784e+01
-1.066873187709059145e+01
5.064568015554494096e+00
-1.504616620851380304e+01
1.604632390000409714e+02
-7.910291578673366075e+01
-1.298812389799810063e+01
-2.720579594308684790e+01
-8.101145135136300723e+01
1.178525564339228104e+01
-9.060175943881374039e+00
-2.488561548715905758e+01
-2.652313250945926626e+00
3.005862874393534412e+01
3.282000206360311267e+01
-2.540416026259436633e-01
-6.166130317684037720e+01
-1.809272645325844753e+00
-2.336351520294166662e+01
4.864972411631261195e+01
-9.716784115771979202e+00
-3.529983862860596844e+01
3.147009914308756606e+01
3.406398433389000502e+01
-2.219896375488313467e+01
-3.004031162188709203e+01
2.037332183034731514e+01
-1.905125916462874613e+01
-5.314681586368013910e+01
2.739999125569923777e+01
3.352668077925281409e+01
5.862339952377502605e+00
1.897156415701556114e+02
-5.637626607193734429e+00
-7.979036965232438661e+00
5.379025821445568845e+00
5.057289291091861116e+01
1.470384890036566361e+01
4.960626959722859652e+01
1.271278889310804416e+01
-1.163980452975313362e+01
1.231695946110496287e+01
7.064685634508622059e+01
9.015586338708160952e+00
2.859302183036333744e+01
6.539237332597112484e+00
8.011582471939462380e+00
-1.866191842503083009e+01
