-1.579000000000000000e+03
-1.222000000000000000e+03
6.510000000000000000e+02
-1.487000000000000000e+03
-8.500000000000000000e+02
-7.070000000000000000e+02
-8.830000000000000000e+02
-1.202000000000000000e+03
-3.360000000000000000e+02
-1.080000000000000000e+03
-1.366000000000000000e+03
-7.240000000000000000e+02
-1.758000000000000000e+03
-1.356000000000000000e+03
-1.943000000000000000e+03
-8.140000000000000000e+02
-1.605000000000000000e+03
-1.532000000000000000e+03
-1.700000000000000000e+03
-1.557000000000000000e+03
-8.120000000000000000e+02
-5.040000000000000000e+02
-6.660000000000000000e+02
-1.273000000000000000e+03
-5.560000000000000000e+02
-1.372000000000000000e+03
-5.430000000000000000e+02
-1.394000000000000000e+03
-5.570000000000000000e+02
-1.371000000000000000e+03
-7.000000000000000000e+02
-6.170000000000000000e+02
-1.512000000000000000e+03
-1.171000000000000000e+03
-1.397000000000000000e+03
-1.422000000000000000e+03
-1.318000000000000000e+03
-1.913000000000000000e+03
-1.480000000000000000e+03
-8.320000000000000000e+02
-1.103000000000000000e+03
-1.745000000000000000e+03
-1.838000000000000000e+03
-1.632000000000000000e+03
-7.620000000000000000e+02
-1.969000000000000000e+03
-7.470000000000000000e+02
-8.610000000000000000e+02
-1.744000000000000000e+03
-7.430000000000000000e+02
-8.230000000000000000e+02
-5.010000000000000000e+02
-1.714000000000000000e+03
-1.641000000000000000e+03
-7.130000000000000000e+02
-6.010000000000000000e+02
-1.531000000000000000e+03
-1.381000000000000000e+03
-1.134000000000000000e+03
-4.880000000000000000e+02
-8.860000000000000000e+02
-1.758000000000000000e+03
-1.274000000000000000e+03
2.500000000000000000e+01
-1.247000000000000000e+03
-1.129000000000000000e+03
-4.390000000000000000e+02
-1.160000000000000000e+03
-1.206000000000000000e+03
-6.870000000000000000e+02
-1.105000000000000000e+03
-1.688000000000000000e+03
-1.025000000000000000e+03
-1.079000000000000000e+03
-1.175000000000000000e+03
-1.502000000000000000e+03
-1.341000000000000000e+03
-1.343000000000000000e+03
-1.212000000000000000e+03
-1.122000000000000000e+03
-8.510000000000000000e+02
-1.472000000000000000e+03
-1.222000000000000000e+03
-4.620000000000000000e+02
-9.550000000000000000e+02
-9.030000000000000000e+02
-1.244000000000000000e+03
-1.337000000000000000e+03
-1.123000000000000000e+03
-1.821000000000000000e+03
-9.420000000000000000e+02
-1.359000000000000000e+03
-7.910000000000000000e+02
-2.193000000000000000e+03
-2.010000000000000000e+03
3.490000000000000000e+02
-2.195000000000000000e+03
-1.055000000000000000e+03
-1.316000000000000000e+03
-1.017000000000000000e+03
-2.094000000000000000e+03
-1.453000000000000000e+03
-1.817000000000000000e+03
-1.777000000000000000e+03
-1.403000000000000000e+03
-1.482000000000000000e+03
-1.582000000000000000e+03
-1.425000000000000000e+03
-2.088000000000000000e+03
-1.270000000000000000e+03
-2.062000000000000000e+03
-2.236000000000000000e+03
-2.131000000000000000e+03
-1.808000000000000000e+03
-1.796000000000000000e+03
-3.300000000000000000e+01
-1.445000000000000000e+03
-2.075000000000000000e+03
-2.059000000000000000e+03
-9.960000000000000000e+02
-4.041000000000000000e+03
-1.688000000000000000e+03
-1.506000000000000000e+03
-1.371000000000000000e+03
-1.044000000000000000e+03
-1.051000000000000000e+03
-1.347000000000000000e+03
-1.179000000000000000e+03
-1.398000000000000000e+03
-1.813000000000000000e+03
-1.615000000000000000e+03
-1.128000000000000000e+03
-1.904000000000000000e+03
-1.509000000000000000e+03
-1.484000000000000000e+03
-1.316000000000000000e+03
-1.148000000000000000e+03
-5.690000000000000000e+02
-1.547000000000000000e+03
-2.292000000000000000e+03
-1.149000000000000000e+03
-9.790000000000000000e+02
-1.771000000000000000e+03
-1.861000000000000000e+03
-3.060000000000000000e+02
-1.599000000000000000e+03
-1.502000000000000000e+03
-1.168000000000000000e+03
-1.010000000000000000e+03
-2.577000000000000000e+03
-1.505000000000000000e+03
-1.680000000000000000e+02
-1.204000000000000000e+03
-2.680000000000000000e+03
-1.979000000000000000e+03
-1.548000000000000000e+03
-1.265000000000000000e+03
-1.931000000000000000e+03
-2.548000000000000000e+03
-1.825000000000000000e+03
-1.784000000000000000e+03
-2.769000000000000000e+03
-1.201000000000000000e+03
-1.387000000000000000e+03
-1.515000000000000000e+03
-4.607000000000000000e+03
-1.359000000000000000e+03
-1.148000000000000000e+03
-2.329000000000000000e+03
-2.321000000000000000e+03
-1.867000000000000000e+03
-6.660000000000000000e+02
-2.791000000000000000e+03
-1.346000000000000000e+03
-1.912000000000000000e+03
-1.940000000000000000e+02
-2.548000000000000000e+03
-2.456000000000000000e+03
-2.386000000000000000e+03
-1.684000000000000000e+03
-2.964000000000000000e+03
-4.032000000000000000e+03
-2.120000000000000000e+02
-1.780000000000000000e+03
-1.998000000000000000e+03
4.100000000000000000e+01
-3.116000000000000000e+03
-1.284000000000000000e+03
-8.113000000000000000e+03
-4.737000000000000000e+03
-2.835000000000000000e+03
-3.254000000000000000e+03
-2.135000000000000000e+03
-1.345000000000000000e+03
-2.922000000000000000e+03
-1.320000000000000000e+03
-2.134000000000000000e+03
-3.641000000000000000e+03
-1.525000000000000000e+03
-4.324000000000000000e+03
-2.380000000000000000e+03
