-2.805000000000000000e+03
-1.775000000000000000e+03
-2.835000000000000000e+03
-2.790000000000000000e+03
-4.235000000000000000e+03
-1.560000000000000000e+03
-3.005000000000000000e+03
-2.815000000000000000e+03
-3.685000000000000000e+03
-3.490000000000000000e+03
-2.150000000000000000e+03
-3.345000000000000000e+03
-2.600000000000000000e+03
-2.795000000000000000e+03
-1.710000000000000000e+03
-3.165000000000000000e+03
-2.140000000000000000e+03
-3.245000000000000000e+03
-2.850000000000000000e+03
-3.065000000000000000e+03
-2.775000000000000000e+03
-2.420000000000000000e+03
-2.030000000000000000e+03
-1.785000000000000000e+03
-2.385000000000000000e+03
-1.630000000000000000e+03
-2.395000000000000000e+03
-2.940000000000000000e+03
-2.560000000000000000e+03
-1.995000000000000000e+03
-1.815000000000000000e+03
-2.730000000000000000e+03
-2.885000000000000000e+03
-2.705000000000000000e+03
-2.730000000000000000e+03
-3.610000000000000000e+03
-2.190000000000000000e+03
-2.425000000000000000e+03
-2.825000000000000000e+03
-2.175000000000000000e+03
-1.705000000000000000e+03
-2.035000000000000000e+03
-2.335000000000000000e+03
-1.575000000000000000e+03
-2.050000000000000000e+03
-2.265000000000000000e+03
-2.830000000000000000e+03
-2.990000000000000000e+03
-1.570000000000000000e+03
-2.830000000000000000e+03
-2.715000000000000000e+03
-2.870000000000000000e+03
-1.765000000000000000e+03
-2.300000000000000000e+03
-2.550000000000000000e+03
-2.085000000000000000e+03
-2.855000000000000000e+03
-2.155000000000000000e+03
-2.555000000000000000e+03
-2.015000000000000000e+03
-1.960000000000000000e+03
-1.960000000000000000e+03
-1.490000000000000000e+03
-1.865000000000000000e+03
-1.860000000000000000e+03
-2.435000000000000000e+03
-2.375000000000000000e+03
-1.495000000000000000e+03
-2.195000000000000000e+03
-2.325000000000000000e+03
-1.975000000000000000e+03
-2.470000000000000000e+03
-2.300000000000000000e+03
-2.800000000000000000e+03
-2.260000000000000000e+03
-2.110000000000000000e+03
-2.005000000000000000e+03
-1.965000000000000000e+03
-1.655000000000000000e+03
-2.165000000000000000e+03
-2.750000000000000000e+03
-2.515000000000000000e+03
-2.025000000000000000e+03
-1.850000000000000000e+03
-1.875000000000000000e+03
-2.415000000000000000e+03
-1.830000000000000000e+03
-1.920000000000000000e+03
-1.945000000000000000e+03
-2.080000000000000000e+03
-1.895000000000000000e+03
-2.615000000000000000e+03
-2.080000000000000000e+03
-2.005000000000000000e+03
-1.880000000000000000e+03
-2.380000000000000000e+03
-1.645000000000000000e+03
-2.550000000000000000e+03
-1.610000000000000000e+03
-2.280000000000000000e+03
-1.785000000000000000e+03
