-4.714503220029175282e+03
-4.672123901104182551e+03
-4.226039903695733301e+03
-3.872172155279235085e+03
-3.761853794030084373e+03
-3.860974903292059935e+03
-3.606909689022913881e+03
-3.237171991558803711e+03
-2.987431660751864456e+03
-3.001065799147217149e+03
-2.958606411830629440e+03
-2.834197846987288358e+03
-2.993037705623455167e+03
-3.356539707127225938e+03
-3.303202005320500575e+03
-3.238313090452144934e+03
-3.112206939070901626e+03
-3.188921905404424251e+03
-3.008537347715582655e+03
-2.907449308010960522e+03
-2.995136397865511753e+03
-3.691728419069027495e+03
-3.431426701084968045e+03
-3.255351648166355517e+03
-2.912359985091415183e+03
-2.824212337820420089e+03
-2.863613894783651631e+03
-3.242606910929705919e+03
-2.961560502110981815e+03
-3.229372672424373377e+03
-3.567993701366922778e+03
-3.266324666865177278e+03
-2.966400841546251741e+03
-2.818188653889817033e+03
-2.726146574976277861e+03
-2.867210936353116267e+03
-2.953839703935746911e+03
-2.770778644582657307e+03
-2.808326730577822218e+03
-2.622674637013845768e+03
-2.349883269304787973e+03
-2.070718336052974337e+03
-2.209912432263595292e+03
-2.148988561971010768e+03
-2.307607297829260460e+03
-2.077245643224764081e+03
-2.150187140125213318e+03
-2.028772608170147123e+03
-1.688541214906113055e+03
-2.021862986893597281e+03
-2.100161941843430668e+03
-2.447560721032798938e+03
-2.271611326778364855e+03
-2.670741640405781254e+03
-2.747810546942660949e+03
-2.235903008804177261e+03
-2.723212427907843903e+03
-2.316369807197142563e+03
-2.276721657581766522e+03
-2.236333016606173260e+03
-2.468111870873646239e+03
-2.028155783124574782e+03
-2.083187515896834611e+03
-1.964219593449483227e+03
-1.913266054353758591e+03
-1.873175432524438293e+03
-2.166164766208549281e+03
-2.073824826263982231e+03
-1.764361492171561622e+03
-1.035726198155405882e+03
-9.234442314993347054e+02
-2.390621350713587390e+02
-4.224647888607993877e+02
-5.120889675282431881e+02
-9.277384167381071620e+02
-9.443898614333221531e+02
-9.642050436678066490e+02
-1.038209450353014745e+03
-8.871691913124874418e+02
-1.225843581850107512e+03
-1.102027463231780757e+03
-9.142707854998545827e+02
-6.705487961246388977e+02
-7.993813300645784921e+02
-6.377162169098647837e+02
-3.545800158966543449e+02
-2.648163120362352743e+02
-5.549605117023609182e+02
-4.541826151554843136e+02
-5.778270617488080916e+02
-9.219583095353593762e+02
-1.156230477218337455e+03
-1.548451553002304763e+03
-1.296034392566185261e+03
-1.238106602260166028e+03
-1.272370670032730231e+03
-9.375355790133971823e+02
-8.289915635347990701e+02
-4.623206466983727978e+02
-1.805417768757262706e+02
-4.490234151691840907e+02
-3.244877550481093067e+02
-2.179105500447749364e+02
2.971146821777667810e+02
2.361881208122354678e+02
-3.454138269870953764e+02
-2.817936793825121526e+02
-3.749225414647393109e+02
-2.033727484609543978e+02
-6.584955721481912860e+02
-3.219634560667818732e+02
-8.949093163743728496e+01
-2.525048874473731075e+02
-7.604494370257402807e+02
-6.204259186381590325e+02
-1.971879944356821284e+02
-2.127851477915831708e+02
1.874727081918184126e+02
1.327340713453409933e+02
1.261795675363050009e+02
9.682220607974286963e+01
-3.282077550487683766e+02
-8.666174695762691726e+01
-3.224913519579711192e+02
-4.885462476836522683e+01
-3.266155828945879875e+02
-7.827542601239888427e+02
-4.858227939698584805e+02
-4.593647803688187992e+02
-8.109420464942394347e+02
-1.060101286346573261e+03
-1.152568385577075333e+03
-8.554727214895541465e+02
-1.058600619458960409e+03
-9.714851502012969604e+02
-7.690325893482649917e+02
-9.929937074516194571e+02
-1.110167656339017640e+03
-5.529991674617615445e+02
-7.807442052725571102e+02
-8.386324832537279690e+02
-7.155027970551109320e+02
-4.147743924308111332e+02
-1.665120629078110994e+02
-2.697272564893330014e+02
-2.962995930016367083e+02
-9.438976524549678970e+01
-4.735881305466111826e+02
-2.854211261031046547e+02
-1.065803970559252605e+02
1.767212363532501627e+02
3.024099637369872653e+02
4.842813086545597230e+02
8.521700431907722759e+02
9.942303817335858866e+02
8.500127921824838495e+02
8.441820311412382125e+02
1.069472423854336284e+03
1.329320317118196272e+03
9.057785455826674479e+02
8.420326808976013808e+02
4.289903054970692438e+02
2.669927107137314124e+02
3.513073394097571054e+02
4.775591811479793023e+02
7.036085600912222162e+02
1.777390472063107723e+02
2.716917783195093534e+02
1.506223285942657526e+02
9.670975350494575196e+01
3.558768099523072692e+02
9.065042156157130648e+02
5.964627467529983278e+02
3.859288581002066962e+02
4.768299771387854662e+02
4.271898254645895463e+02
7.259593215626953224e+02
1.234852558709753566e+03
1.230600244857808548e+03
1.027212971938422925e+03
1.302277777317409345e+03
1.448477231503198709e+03
1.437479072864952968e+03
1.305732861812211695e+03
1.308771866008160259e+03
1.530254090629832035e+03
1.413709672635331117e+03
1.120613154776872307e+03
1.004046116001589098e+03
1.311578542290624000e+03
5.148049854876064728e+02
7.059434869222161524e+02
9.729237355831102150e+02
1.046978421364829046e+03
1.175708126726393402e+03
1.487692816136161582e+03
1.404523558009755789e+03
1.529198322012022800e+03
1.358397174535538852e+03
1.468301145410921663e+03
1.559329985942440999e+03
1.543042448017893321e+03
1.375105137989429977e+03
1.160632955542288755e+03
1.475978703207000308e+03
1.011521237300685925e+03
1.101690974941270269e+03
1.314755549157038331e+03
9.112193024391309564e+02
8.360574157231488925e+02
9.721688442507481795e+02
9.976399994276400776e+02
1.119139679989138585e+03
1.210289730299341045e+03
1.015354680228674965e+03
1.152970992522413781e+03
9.820664821918087455e+02
1.429833332013438167e+03
1.551788615585207936e+03
1.465870398684596921e+03
1.347564050039728727e+03
1.652892918042686915e+03
1.951875035696619534e+03
2.037949122813398162e+03
2.051551644984979703e+03
2.271256916415631167e+03
2.045775383685773249e+03
1.802067525502183344e+03
1.959156284218554447e+03
1.311864820079229503e+03
1.490225103772779448e+03
2.219594599771794037e+03
2.102852413839394558e+03
2.096617738765890863e+03
2.227905205799004762e+03
2.251245627786542173e+03
2.336222526163414386e+03
2.600738886129700404e+03
2.608725605403044938e+03
2.573624655576397799e+03
2.830467796141073450e+03
2.589739252006633706e+03
2.656983010637758980e+03
2.434164567325710323e+03
1.297937112537847042e+03
1.581205201493308778e+03
1.376733386778777231e+03
8.917637898076094416e+02
8.608650294559613485e+02
1.016818786451287565e+03
1.349372908981451474e+03
1.658239842486508905e+03
1.778727074800844321e+03
1.902447356898857834e+03
1.773305498772210058e+03
1.501020970867771894e+03
1.815650428022845745e+03
1.974096996742550346e+03
1.842923579642121922e+03
1.988014218464295482e+03
1.719323562487781373e+03
2.318546659701902172e+03
2.521255443864767585e+03
2.489342070541118119e+03
2.168339978351892569e+03
2.118649253970583686e+03
2.300749196080446382e+03
2.189699787098687921e+03
2.131580331005324751e+03
2.201873044746148480e+03
2.203420389841447559e+03
2.500053515569895808e+03
3.237238569975452720e+03
3.390227852337211516e+03
3.079633945614978984e+03
3.083900203613424765e+03
3.020392280007959471e+03
2.934086663308496099e+03
2.613210006633628836e+03
2.177435967229363087e+03
2.278883579132011619e+03
2.470441566354857514e+03
2.449347390171656116e+03
2.036664608629512031e+03
3.661474797208811651e+03
3.675206745482718361e+03
3.608966396269710458e+03
3.322397048111270124e+03
3.908357450115990105e+03
4.094500548294795408e+03
3.659149635925095936e+03
3.659505443158031994e+03
3.215677002896173235e+03
2.701261431870545493e+03
2.900716828702649309e+03
2.700023649133378967e+03
2.400368981858761344e+03
2.423223196290847227e+03
2.263348508599027809e+03
2.084311113289133573e+03
2.241298944465341265e+03
2.373737714338620208e+03
3.361330607909397258e+03
3.199404990597906362e+03
3.116776188109227405e+03
2.433478115921237077e+03
2.396116913190500327e+03
2.644382515964075992e+03
2.624588569164349337e+03
2.660251602804726645e+03
2.666166378286317013e+03
2.601144424759747380e+03
2.336688842058988030e+03
2.345803116792048513e+03
2.259377681524363652e+03
2.320302335517830215e+03
2.566869244933629034e+03
2.507653972256634461e+03
2.830590759442109174e+03
3.131678189868179288e+03
2.422380954095227025e+03
2.592543006511114072e+03
2.659100861154513950e+03
2.973875519127414464e+03
1.047743378393519924e+04
9.903070386762379712e+03
9.154790307492261491e+03
8.613017871168474812e+03
8.218465558870631867e+03
7.752968820392562520e+03
7.418804282204336232e+03
7.062126707009026177e+03
1.871599348608281434e+04
1.719230366875912296e+04
1.590941651308173823e+04
1.478488667336571416e+04
1.981578028236555110e+04
1.833108946559832839e+04
1.702562968393080519e+04
2.070469049757502216e+04
1.878084881974574455e+04
1.710943935072332533e+04
1.586705289799695493e+04
1.476094895169414849e+04
1.252417251028632199e+04
1.174144452292560163e+04
1.102805112172276858e+04
1.614896355835331269e+04
1.472007470866426229e+04
1.361130356805312113e+04
1.224690870791539601e+04
1.209634046878645677e+04
1.126187442566343270e+04
1.039526305763798518e+04
1.017711788017875551e+04
9.287829681852399517e+03
8.713929232485110333e+03
8.372363962212515617e+03
7.896213424163512173e+03
7.679743787910036190e+03
7.002466459191377908e+03
7.220876687440462774e+03
6.710049667135496748e+03
6.385199260623375267e+03
3.632253637088702817e+04
3.295295946858214302e+04
3.022402286352041847e+04
2.766905194006330203e+04
2.521786643187373920e+04
2.531106768098280736e+04
2.264758415599543150e+04
2.055794632603810896e+04
1.902173237215507106e+04
1.774398842838673954e+04
1.684681621362258375e+04
1.986455141278614246e+04
1.829652053277805680e+04
1.665892168273432981e+04
1.518670378600384902e+04
1.370676920987696394e+04
1.274275425336612170e+04
1.171274378227581110e+04
1.111637657629341265e+04
1.044039980866517726e+04
9.600228702493719538e+03
9.478771395368321464e+03
9.329988053208940983e+03
8.711552461654086073e+03
7.865375407866280511e+03
7.503655292600929897e+03
1.152403858519571077e+04
1.131320329737089924e+04
1.061210233312627315e+04
9.729457846124929347e+03
8.918254027035145555e+03
8.665688072273560465e+03
8.298552681139532069e+03
7.609737133471077868e+03
7.324622867048894477e+03
7.426375648932783406e+03
6.881072403460781970e+03
6.168278960128910512e+03
6.123679532480729904e+03
5.814241293756285813e+03
6.104110580655065860e+03
5.939997039312536799e+03
5.785535969677882349e+03
5.558116862091686926e+03
5.253253031914326129e+03
5.084139015549697433e+03
4.695005164597841940e+03
4.533793349130066417e+03
4.338826969344343524e+03
4.333206442904072901e+03
4.185487464521298534e+03
3.844385448868210460e+03
3.710219798143608386e+03
4.753308470496342125e+03
5.912168949788928330e+03
5.960802915412361472e+03
6.254928916363928693e+03
5.798023996085956242e+03
1.093343668598205477e+04
1.014594977846834627e+04
9.244874098079137184e+03
8.775722000515566833e+03
7.941802673167188914e+03
7.992966807120435078e+03
7.829150066322886232e+03
7.567874493079103559e+03
7.037572546683740256e+03
6.455211334881998482e+03
8.359608664976527507e+03
8.066819307626356931e+03
7.810142312917650997e+03
7.360091472694149161e+03
7.547698142440135598e+03
7.300905376779916878e+03
6.333683066306232831e+03
6.587886102375817245e+03
6.044709219488312556e+03
5.852465849967275062e+03
6.409339806797226629e+03
5.974071051283157431e+03
5.593974114386865949e+03
5.444356024128649551e+03
5.212242964564641625e+03
5.305714901020121943e+03
5.311096702439750516e+03
5.698368043440896145e+03
6.097338675557994065e+03
6.654704664198166029e+03
6.335322179883557510e+03
6.246471359228477013e+03
6.650875841292804580e+03
5.993644457689946648e+03
5.929784986534384188e+03
6.866950910898482107e+03
6.107914142985118815e+03
6.132736583008816524e+03
6.571895697711708635e+03
6.395881467729481301e+03
6.802955551543166621e+03
5.723326819836857794e+03
5.864824592384484276e+03
5.608396159368544431e+03
5.774149382874012190e+03
5.679976376829161381e+03
5.358933661002442022e+03
5.263565300087243486e+03
5.897500996539269181e+03
6.131952201366520967e+03
5.998743095449631255e+03
6.040118548773084513e+03
5.961707244304018786e+03
5.751150538902459630e+03
6.130244288131351823e+03
6.381101403213819140e+03
6.331500639928215605e+03
5.757778087443085496e+03
6.200302108739440882e+03
7.078593808261342929e+03
7.562368637630372177e+03
1.758500053146066057e+04
1.621523239120802282e+04
1.543244936117542056e+04
1.412800482957620807e+04
1.295757247053454194e+04
1.223283370046052187e+04
1.137415101523532940e+04
1.067044728718717670e+04
9.941369939854777840e+03
2.303062927155817670e+04
2.122674445127602667e+04
1.977331975620305093e+04
1.841769549170045866e+04
1.699753818313783631e+04
1.682418001438586361e+04
1.645406478322022303e+04
1.500991565553819964e+04
1.425427287399889428e+04
1.337447357026214377e+04
1.233366447569058255e+04
1.182361573515758755e+04
1.170394941719322378e+04
1.093922964245725780e+04
1.021173075535989665e+04
9.636036976084034904e+03
9.665871770026138620e+03
8.800570682837420463e+03
8.407495617634151131e+03
8.257304965035105852e+03
7.900394662834561132e+03
1.000424002595272032e+04
9.920083575020222270e+03
8.917774804568280160e+03
7.915590742781804693e+03
7.690602064628567859e+03
7.695392656775377873e+03
6.908390424211816935e+03
7.015208383867328848e+03
6.927183050619873939e+03
6.858088472700278544e+03
1.212388835039751939e+04
1.142934319074428822e+04
1.061104792995012940e+04
1.019367760808516141e+04
9.574952820669333960e+03
9.497833168591365393e+03
8.796857757426325406e+03
8.345539319736293692e+03
8.637531121531157623e+03
8.245981880263116182e+03
8.746822911150009531e+03
9.194343301491258899e+03
9.061169578590212041e+03
9.116878081593931711e+03
8.265560682851131787e+03
7.842061359376777546e+03
1.131666530367414634e+04
1.021993345524569304e+04
1.086377684894910089e+04
1.041175062770661680e+04
1.149225363425876094e+04
1.076678834802365964e+04
1.030161260043993570e+04
1.100043192784229905e+04
1.168105786332516436e+04
1.061951842178988591e+04
1.212218969340093827e+04
1.162276914627989572e+04
1.087264559619300780e+04
1.047712895556275180e+04
1.014883693409182342e+04
8.577557602384636994e+03
8.541910937149257734e+03
8.568417648237058529e+03
8.724031570069657391e+03
8.272776964528309691e+03
8.056829523738221724e+03
1.321182799524780785e+04
1.281969701532370527e+04
2.155544190928890748e+04
1.983141409126820872e+04
1.854529045794705598e+04
3.090466792894093669e+04
2.686804022947818157e+04
2.463532958414121822e+04
2.349451743619769331e+04
2.220304806094755259e+04
2.086933000505617383e+04
3.019576305076375138e+04
2.822959233093087823e+04
2.524234311651701137e+04
2.287847860557207605e+04
2.138407043176472143e+04
1.991225347357487408e+04
2.102205028519266125e+04
1.980049693301798470e+04
1.848535727156638313e+04
1.715939216443244732e+04
1.627381440909663615e+04
1.497863707649756361e+04
1.436223121609265945e+04
1.329861412258275232e+04
1.248578612578804496e+04
1.246825201186939557e+04
1.107131572694395072e+04
1.068813946773024873e+04
1.052537291832227129e+04
1.028018817344643503e+04
9.734503608979790442e+03
9.846767945035040611e+03
9.399515027768715299e+03
9.470478132241461935e+03
9.236962381041146728e+03
8.993193874383114235e+03
9.654773474718820580e+03
9.273309332936036299e+03
8.918301371515930441e+03
8.229293174645952604e+03
9.918091116864929063e+03
9.524925221452929691e+03
1.125353349789858476e+04
1.034557747310938248e+04
1.072199468005382187e+04
9.536498560824149536e+03
1.067004746635399169e+04
1.032563759508501971e+04
9.584680487017898486e+03
8.930233534585428060e+03
1.809650786366190368e+04
1.766702584627748729e+04
1.622785045263434768e+04
1.642842048038325811e+04
1.525211284388851163e+04
1.484495055060629602e+04
1.423355344329627951e+04
1.298489126078419940e+04
1.237869923236135219e+04
1.135353182598587227e+04
1.794376039185129775e+04
1.694004264861217598e+04
1.597828229705487865e+04
1.529911085335025928e+04
1.451493848517225524e+04
1.466463515247096075e+04
1.356054333285868051e+04
1.263843503202716602e+04
1.201412402638277672e+04
1.179681853032769322e+04
1.187764795540697014e+04
1.115771550127621231e+04
1.044815983777340080e+04
1.055648355491097936e+04
1.094116332803758269e+04
1.053315779931057295e+04
1.093425853495345291e+04
1.022478491863737872e+04
1.168039576475876129e+04
1.299981015826801195e+04
1.218871750348972273e+04
1.184584792155352625e+04
1.041648339011738972e+04
2.003861021393035480e+04
1.871940362390521841e+04
1.795540971277959761e+04
2.561818024342228455e+04
2.315799058120121117e+04
2.183239295427057004e+04
2.358167720405545333e+04
2.245538937776918101e+04
2.143619375706128267e+04
2.022027695500585833e+04
1.944353832012921703e+04
1.770218329267513036e+04
1.903380195543845912e+04
1.804077237567364500e+04
1.707764547212884645e+04
1.590192402795462112e+04
1.490680912683148017e+04
1.443030782201559487e+04
1.351768792128626956e+04
1.404429511383272802e+04
1.360378916112178740e+04
1.395534528379168660e+04
1.667073963002626988e+04
1.575467183101618866e+04
1.479634880388115380e+04
1.390291954236329730e+04
1.323414226408824106e+04
1.230603475087605148e+04
1.188766674410259293e+04
1.125262724222640827e+04
1.107828577431072154e+04
1.018164968004104048e+04
1.063886773556182561e+04
1.022135013127365528e+04
9.548969535418016676e+03
1.053590369294387347e+04
1.023431483232667961e+04
1.054584659624591768e+04
1.075800651747230950e+04
1.116009864105321503e+04
1.027622541583203201e+04
9.534991957796997667e+03
1.840348203514006309e+04
1.801703075368714053e+04
1.747661749732169483e+04
1.662738891539835458e+04
1.641701865392358741e+04
2.030895222582566930e+04
2.002689977392681976e+04
3.696033313706981426e+04
3.383531017966091895e+04
3.111035194138418228e+04
2.985489874514500843e+04
2.780527889405263704e+04
2.676476458112865294e+04
2.482760409857189006e+04
3.928069269954520860e+04
3.630517064689336985e+04
3.686582142613628093e+04
3.367382483641852741e+04
3.108465593222899042e+04
3.037986057846730546e+04
2.840287568154509427e+04
2.951503171372837460e+04
2.652251890002523214e+04
2.507138688775695846e+04
2.367739838927840538e+04
2.267271554208240923e+04
2.263063207486403553e+04
2.086228636558699509e+04
1.960121838033468521e+04
1.818060530605418171e+04
1.943331025035702623e+04
1.906786866101136184e+04
1.919293967065017205e+04
1.764047230821318590e+04
1.660647306245012078e+04
2.319403232619120899e+04
2.147079596755687453e+04
1.987075609117087515e+04
2.007259315358915774e+04
2.033603665186707440e+04
1.881922005367953898e+04
2.015693601220083292e+04
2.005411343355978897e+04
1.967403757357957875e+04
1.959259841532706560e+04
1.847221591370680471e+04
1.795564688346342882e+04
1.806813019311343669e+04
1.687413611435441635e+04
1.548742827523043161e+04
1.947665485364784035e+04
1.867503658488994188e+04
1.837095846495564183e+04
1.681603330585005824e+04
2.605828454029456043e+04
2.523674869482408394e+04
2.987469967299303971e+04
2.664548872971351375e+04
2.545356821708524512e+04
2.645451066528522642e+04
2.512770048733619115e+04
2.339558252121700207e+04
2.180492403252472286e+04
2.119424788151461689e+04
2.245321513903474261e+04
4.753447485011227400e+04
4.420336827990937309e+04
4.102222473034096765e+04
4.349877521407196036e+04
4.133585585376848758e+04
4.203505740328091633e+04
4.128514225005441403e+04
3.871789719458967738e+04
3.579011396584947215e+04
3.386703076115171280e+04
3.415362502069446782e+04
3.118688639188315938e+04
2.906294432410662193e+04
4.517516913983943232e+04
4.437831508992481395e+04
4.061497540249427402e+04
4.975944746668542211e+04
5.275618164922317374e+04
4.996854516671932652e+04
5.315503571330998238e+04
6.308111875477311696e+04
6.507924785110533412e+04
5.948370230736507074e+04
6.368410981637682562e+04
5.775743367801407294e+04
5.243125619185098913e+04
4.786504682754244277e+04
4.468264861335560272e+04
4.544763219247165398e+04
4.347721177253863425e+04
4.029907425899939699e+04
3.948234683402118389e+04
3.698482950034540409e+04
3.377793306168508570e+04
3.564171167037595296e+04
3.414498987574112107e+04
3.305764349714107811e+04
2.992743792960057181e+04
2.923303936399689701e+04
2.930399913955123338e+04
2.755266162241367056e+04
3.699433163140354009e+04
4.279029763378810458e+04
3.948349799581549451e+04
3.667115797722301795e+04
3.628119153789182019e+04
3.572881469133683277e+04
3.593551392376451986e+04
4.290335038534412161e+04
4.100014437707519392e+04
3.913566108135283866e+04
3.837005205857235705e+04
3.729236578329781332e+04
4.144998130057066737e+04
3.973920556419698551e+04
3.764415991868823039e+04
3.425046980519917997e+04
3.151867591261495181e+04
3.902202573012183711e+04
3.721827066974640184e+04
3.382141659846332186e+04
3.074342843401736172e+04
2.943783389279302355e+04
2.733287856252066922e+04
2.484923450891900211e+04
2.301383233784056938e+04
2.143572079814002427e+04
1.978436002536054730e+04
1.738869035607897968e+04
2.026297420656890972e+04
1.911368194068579760e+04
1.747851436425641441e+04
2.138081002958761019e+04
2.033459198937792098e+04
1.892829756703468229e+04
1.932100638198840898e+04
2.522522701168091589e+04
2.460423443413814675e+04
2.483105169978949198e+04
3.151932494771791971e+04
2.945934103676892119e+04
3.445963331612259935e+04
3.350280667537787667e+04
3.315193584137877770e+04
3.038990921465356223e+04
2.794824652066265480e+04
2.632536235560439673e+04
2.461856722763687867e+04
2.344113924779187073e+04
2.357002692830027081e+04
2.170271982088077493e+04
2.220623499378114866e+04
3.692024291499238461e+04
3.799152212020761363e+04
3.467462810247769812e+04
3.311663112221188203e+04
3.000577612512757332e+04
3.831162682095357741e+04
3.779542096797569684e+04
4.751152568074573355e+04
4.386624438007766730e+04
4.051456931298012933e+04
3.711494032382621663e+04
4.344193173645319621e+04
3.976676607515838259e+04
3.824176324292942445e+04
5.064720817225481733e+04
4.735814083825953276e+04
4.293320851249247062e+04
4.192075723974430730e+04
3.863809019053143857e+04
4.545952227679831412e+04
4.325836222824139986e+04
4.146209307112923852e+04
4.040354727454255772e+04
5.218334354148885905e+04
5.773019243373576319e+04
5.334618495804851409e+04
4.601131792908703210e+04
5.509226061312648380e+04
5.202672961882269010e+04
6.081817126348133752e+04
5.548409356491952349e+04
5.681724951483504265e+04
5.370618125321659318e+04
4.978541809111268958e+04
4.558273235285966075e+04
4.136306265033186355e+04
3.864590459622770868e+04
3.623410743393400480e+04
3.941055582569963008e+04
4.467568381432560273e+04
5.737162960991240834e+04
5.886989324752316315e+04
5.589731078840079135e+04
5.139569256538877380e+04
4.769842264543197234e+04
4.342402931570966757e+04
3.981825496073061367e+04
3.587071666237802128e+04
3.309698254793144588e+04
