-1.000000000000000000e+02
-1.000000000000000000e+02
-1.000000000000000000e+02
-1.000000000000000000e+02
-1.000000000000000000e+02
-1.000000000000000000e+02
-8.000000000000000000e+01
-8.200000000000000000e+01
-8.379999999999999716e+01
-8.542000000000000171e+01
-8.687800000000000011e+01
-8.819020000000000437e+01
-8.937118000000000961e+01
-9.043406200000001149e+01
-9.139065580000001887e+01
-9.225159022000002551e+01
-9.302643119800002580e+01
-9.372378807820003033e+01
-9.435140927038003156e+01
-9.491626834334202556e+01
-9.542464150900782727e+01
-9.588217735810704312e+01
-9.629395962229634165e+01
-9.666456366006670464e+01
-9.699810729406003418e+01
-9.729829656465403787e+01
-9.756846690818863976e+01
-9.781162021736977863e+01
-9.803045819563280361e+01
-9.822741237606952325e+01
-9.840467113846257519e+01
-9.856420402461631625e+01
-7.870778362215469315e+01
-8.083700525993923236e+01
-8.275330473394531339e+01
-8.447797426055078063e+01
-8.603017683449570541e+01
-8.742715915104614055e+01
-8.868444323594152934e+01
-8.981599891234738209e+01
-7.083439902111264530e+01
-7.375095911900137935e+01
-7.637586320710124710e+01
-7.873827688639111955e+01
-8.086444919775200901e+01
-8.277800427797680527e+01
-6.450020385017913327e+01
-5.805018346516121852e+01
-6.224516511864509738e+01
-6.602064860678058267e+01
-6.941858374610252724e+01
-7.247672537149227878e+01
-7.522905283434305090e+01
-7.770614755090875292e+01
-7.993553279581787763e+01
-8.194197951623608844e+01
-8.374778156461248102e+01
-8.537300340815123434e+01
-8.683570306733611233e+01
-8.815213276060249825e+01
-8.933691948454224985e+01
-7.040322753608802486e+01
-7.336290478247923375e+01
-7.602661430423131605e+01
-7.842395287380819013e+01
-8.058155758642737965e+01
-6.252340182778463884e+01
-6.627106164500617069e+01
-6.964395548050555362e+01
-7.267955993245499258e+01
-7.541160393920949900e+01
-7.787044354528855195e+01
-8.008339919075969249e+01
-8.207505927168372750e+01
-8.386755334451535759e+01
-8.548079801006382183e+01
-8.693271820905744107e+01
-8.823944638815170549e+01
-8.941550174933654205e+01
-9.047395157440288926e+01
-9.142655641696259750e+01
-9.228390077526634627e+01
-9.305551069773972017e+01
-9.374995962796575100e+01
-9.437496366516917590e+01
-9.493746729865226541e+01
-9.544372056878704313e+01
-9.589934851190834308e+01
-9.630941366071751020e+01
-9.667847229464575776e+01
-9.701062506518118767e+01
-9.730956255866307458e+01
-9.757860630279677139e+01
-9.782074567251709141e+01
-9.803867110526537942e+01
-9.823480399473884006e+01
-9.841132359526496032e+01
-8.857019123573846286e+01
-8.971317211216461374e+01
-9.074185490094815520e+01
-9.166766941085333542e+01
-9.250090246976800756e+01
-9.325081222279121107e+01
-9.392573100051208712e+01
-9.453315790046087841e+01
-9.507984211041478773e+01
-9.557185789937331322e+01
-9.601467210943597763e+01
-9.641320489849238129e+01
-9.677188440864314600e+01
-9.709469596777883282e+01
-9.738522637100095380e+01
-9.764670373390086411e+01
-9.788203336051077486e+01
-7.809383002445970590e+01
-8.028444702201373673e+01
-8.225600231981236732e+01
-8.403040208783113485e+01
-8.562736187904802421e+01
-8.706462569114322037e+01
-8.835816312202889833e+01
-8.952234680982600423e+01
-9.057011212884340523e+01
-9.151310091595907181e+01
-9.236179082436316889e+01
-9.312561174192686053e+01
-9.381305056773418016e+01
-9.443174551096076641e+01
-9.498857095986468835e+01
-9.548971386387822236e+01
-9.594074247749040296e+01
-9.634666822974136835e+01
-9.671200140676722867e+01
-9.704080126609051149e+01
-9.733672113948146887e+01
-9.760304902553332340e+01
-9.784274412297999390e+01
-9.805846971068199025e+01
-9.825262273961379833e+01
-9.842736046565242702e+01
-9.858462441908719143e+01
-9.872616197717847797e+01
-9.885354577946063159e+01
-9.896819120151457128e+01
-9.907137208136312267e+01
-9.916423487322681751e+01
-9.924781138590414287e+01
-9.932303024731372432e+01
-9.939072722258235615e+01
-9.945165450032412480e+01
-9.950648905029171942e+01
-9.955584014526255032e+01
-9.960025613073629813e+01
-9.964023051766267258e+01
-9.967620746589641101e+01
-9.970858671930676564e+01
-9.973772804737609476e+01
-9.976395524263848813e+01
-9.978755971837463790e+01
-9.980880374653717979e+01
-9.982792337188345755e+01
-9.984513103469511464e+01
-9.986061793122560459e+01
-9.987455613810304555e+01
-9.988710052429274810e+01
-9.989839047186347898e+01
-9.990855142467712824e+01
-9.991769628220941968e+01
-9.992592665398848339e+01
-9.993333398858963790e+01
-9.994000058973067269e+01
-9.994600053075760115e+01
-9.995140047768184388e+01
-9.995626042991365523e+01
-9.996063438692229397e+01
-9.996457094823006173e+01
-9.996811385340706124e+01
-9.997130246806635512e+01
-9.997417222125972103e+01
-9.997675499913374608e+01
-9.997907949922037574e+01
-9.998117154929833816e+01
-9.998305439436850861e+01
-9.998474895493166059e+01
-9.998627405943850022e+01
-9.998764665349465020e+01
-9.998888198814518091e+01
-9.998999378933066851e+01
-9.999099441039760450e+01
-9.999189496935784405e+01
-9.999270547242205964e+01
-9.999343492517985510e+01
-9.999409143266187527e+01
-9.999468228939568348e+01
-9.999521406045612082e+01
-9.999569265441050447e+01
-9.999612338896945118e+01
-9.999651105007251317e+01
-9.999685994506526754e+01
-9.999717395055874647e+01
-9.999745655550287893e+01
-9.999771089995259388e+01
-9.999793980995733023e+01
-9.999814582896159720e+01
-9.999833124606543322e+01
-9.999849812145889416e+01
-9.999864830931301185e+01
-9.999878347838171067e+01
-9.999890513054354813e+01
-9.999901461748919473e+01
-9.999911315574027526e+01
-9.999920184016625058e+01
-9.999928165614963405e+01
-9.999935349053467348e+01
-9.999941814148121466e+01
-9.999947632733309888e+01
-9.999952869459978899e+01
-9.999957582513981436e+01
-9.999961824262582866e+01
-9.999965641836324437e+01
-9.999969077652691851e+01
-9.999972169887422524e+01
-9.999974952898681124e+01
-9.999977457608812870e+01
-7.999979711847932151e+01
-8.199981740663139362e+01
-8.379983566596825995e+01
-8.541985209937143964e+01
-8.687786688943430136e+01
-8.819008020049086838e+01
-8.937107218044178580e+01
-9.043396496239761007e+01
-9.139056846615784480e+01
-9.225151161954205747e+01
-9.302636045758785599e+01
-9.372372441182906755e+01
-9.435135197064616364e+01
-9.491621677358155296e+01
-9.542459509622339908e+01
-9.588213558660106628e+01
-9.629392202794096534e+01
-9.666452982514687164e+01
-9.699807684263218732e+01
-9.729826915836896717e+01
-9.756844224253207187e+01
-9.781159801827887179e+01
-9.803043821645098888e+01
-9.822739439480589851e+01
-9.840465495532531293e+01
-9.856418945979278590e+01
-9.870777051381351441e+01
-9.883699346243216155e+01
-9.895329411618894255e+01
-9.905796470457005398e+01
-9.915216823411304858e+01
-9.923695141070174941e+01
-9.931325626963158015e+01
-9.938193064266842214e+01
-9.944373757840158135e+01
-7.949936382056142747e+01
-8.154942743850529041e+01
-8.339448469465476421e+01
-8.505503622518928353e+01
-8.654953260267035375e+01
-8.789457934240331838e+01
-8.910512140816298654e+01
-7.019460926734669215e+01
-7.317514834061202578e+01
-7.585763350655082604e+01
-7.827187015589574060e+01
-8.044468314030616796e+01
-8.240021482627555827e+01
-8.416019334364800386e+01
-8.574417400928319921e+01
-8.716975660835488782e+01
-8.845278094751940046e+01
-6.960750285276746752e+01
-7.264675256749072219e+01
-7.538207731074164997e+01
-7.784386957966748355e+01
-8.005948262170073804e+01
-8.205353435953067276e+01
-8.384818092357760122e+01
-8.546336283121983968e+01
-8.691702654809785145e+01
-8.822532389328806346e+01
-8.940279150395926422e+01
-9.046251235356334064e+01
-9.141626111820700373e+01
-9.227463500638630478e+01
-9.304717150574767004e+01
-9.374245435517291014e+01
-9.436820891965561486e+01
-9.493138802769006190e+01
-9.543824922492105145e+01
-9.589442430242894488e+01
-9.630498187218604755e+01
-9.667448368496744138e+01
-9.700703531647070577e+01
-7.730633178482364087e+01
-7.957569860634127679e+01
-8.161812874570715337e+01
-8.345631587113643945e+01
-8.511068428402279551e+01
-8.659961585562051312e+01
-6.793965427005846891e+01
-7.114568884305262486e+01
-7.403111995874736806e+01
-6.662800796287262983e+01
-6.996520716658537253e+01
-7.296868644992683528e+01
-7.567181780493415033e+01
-7.810463602444073672e+01
-8.029417242199666305e+01
-8.226475517979699248e+01
-8.403827966181729892e+01
-8.563445169563557613e+01
-8.707100652607202562e+01
-8.836390587346483017e+01
-8.952751528611834431e+01
-9.057476375750651698e+01
-9.151728738175586386e+01
-9.236555864358028600e+01
-9.312900277922226167e+01
-9.381610250130003692e+01
-9.443449225117004175e+01
-9.499104302605303474e+01
-9.549193872344773126e+01
-7.594274485110295814e+01
-6.834847036599266801e+01
-7.151362332939339694e+01
-6.436226099645405441e+01
-6.792603489680865891e+01
-7.113343140712780155e+01
-7.402008826641502992e+01
-7.661807943977352409e+01
-7.895627149579617310e+01
-8.106064434621656289e+01
-7.295457991159490518e+01
-7.565912192043541040e+01
-7.809320972839186936e+01
-8.028388875555268100e+01
-8.225549987999741575e+01
-7.402994989199767417e+01
-7.662695490279790533e+01
-7.896425941251811764e+01
-8.106783347126631156e+01
-8.296105012413968893e+01
-7.466494511172572857e+01
-7.719845060055315855e+01
-7.947860554049783843e+01
-7.153074498644805601e+01
-7.437767048780325752e+01
-7.693990343902292750e+01
-5.924591309512064186e+01
-6.332132178560858193e+01
-6.698918960704773440e+01
-7.029027064634296096e+01
-7.326124358170866913e+01
-7.593511922353781074e+01
-7.834160730118402682e+01
-8.050744657106562840e+01
-8.245670191395906556e+01
-8.421103172256316327e+01
-8.578992855030685405e+01
-8.721093569527617717e+01
-8.848984212574856656e+01
-8.964085791317371843e+01
-9.067677212185634517e+01
-9.160909490967071633e+01
-9.244818541870364470e+01
-9.320336687683328591e+01
-9.388303018914996301e+01
-9.449472717023496671e+01
-8.504525445321147004e+01
-8.654072900789032019e+01
-8.788665610710128817e+01
-8.909799049639116220e+01
-9.018819144675204313e+01
-9.116937230207683740e+01
-9.205243507186915508e+01
-8.284719156468224810e+01
-8.456247240821402045e+01
-8.610622516739262267e+01
-8.749560265065336750e+01
-8.874604238558802649e+01
-8.987143814702922384e+01
-9.088429433232630572e+01
-9.179586489909367231e+01
-9.261627840918430365e+01
-9.335465056826588182e+01
-9.401918551143928937e+01
-9.461726696029536754e+01
-9.515554026426583789e+01
-9.563998623783925268e+01
-9.607598761405533594e+01
-9.646838885264980945e+01
-9.682154996738482566e+01
-9.713939497064635020e+01
-9.742545547358172087e+01
-9.768290992622354452e+01
