-5.400030394770880093e+01
-6.724220359568543870e+01
-8.507832771849813014e+01
-8.462616467688673083e+01
-8.652756896200578751e+01
-9.026347897869469250e+01
-9.378632363923571802e+01
-9.718349115085383971e+01
-9.637274228505746976e+01
-9.531173103622211329e+01
-1.196603476970527282e+02
-1.258377905032124886e+02
-1.258496004027386164e+02
-1.232208686179203028e+02
-1.188982690386942522e+02
-1.193596481922225081e+02
-1.411049882229916648e+02
-1.300369581149501812e+02
-1.258129147364018792e+02
-1.522276996562128204e+02
-1.453429483168106628e+02
-1.352463794039098275e+02
-1.278282995082040827e+02
-1.340318854759979388e+02
-1.316709994169668505e+02
-1.159576797322993400e+02
-1.092828741201017380e+02
-1.076350533635583844e+02
-1.076711369391723565e+02
-1.229735273999176286e+02
-1.275850138680652890e+02
-1.277900348767296492e+02
-1.272505222927651403e+02
-1.275175475611166860e+02
-1.367370427667102319e+02
-1.281546597505272018e+02
-1.331294858035704181e+02
-1.443155400138099367e+02
-1.458007276926195743e+02
-1.522402154685698008e+02
-1.514497226913097450e+02
-1.415932185556465015e+02
-1.336493373337826540e+02
-1.474403849199700858e+02
-1.405029026595528592e+02
-1.438150469280621166e+02
-1.516574087150637240e+02
-1.441110687895355511e+02
-1.486691955715555196e+02
-1.466478495457693612e+02
-1.419113044615054093e+02
-1.576645315134857128e+02
-1.547271370151392205e+02
-1.486128979704066353e+02
-1.397446671049602003e+02
-1.536366504518748854e+02
-1.474003889122257931e+02
-1.351674776088675856e+02
-1.406862208630544160e+02
-1.351009914437685211e+02
-1.388181969138342993e+02
-1.453339275754275093e+02
-1.469530301053985397e+02
-1.537375020172553377e+02
-1.465577538570729246e+02
-1.367814838122769174e+02
-1.286323690978410355e+02
-1.147891577735671262e+02
-1.173943612922314372e+02
-1.184189213386737407e+02
-1.194168637980593530e+02
-1.110060209646074298e+02
-1.116376278324734699e+02
-1.076273613597009700e+02
-1.090519939881363314e+02
-1.040353836770559894e+02
-1.037717841448360048e+02
-1.078171984123341360e+02
-1.333540917472858496e+02
-1.371505742076555237e+02
-1.318633466467647395e+02
-1.369260752065035547e+02
-1.276352862096736089e+02
-1.259082824740416129e+02
-1.264704372868050939e+02
-1.497036547660945587e+02
-1.438344472768322078e+02
-1.745709129418001169e+02
-1.707855056458722345e+02
-1.627671361485353714e+02
-1.595789364595160578e+02
-1.758333095880122130e+02
-1.654570910506537302e+02
-1.612101939497642320e+02
-1.570767682050145311e+02
-1.545479236449692451e+02
-1.476133457992947910e+02
-1.397250476506331154e+02
-1.359398846211200578e+02
-1.333789383226364293e+02
-1.285025956101325733e+02
-1.157628931681161646e+02
-1.155204873502192697e+02
-1.121941690302401895e+02
-1.071095552115835119e+02
-1.178924932006201800e+02
-1.133671421733423585e+02
-1.064200456145455718e+02
-9.520297986402825074e+01
-1.032159724979813404e+02
-1.087479253536178874e+02
-1.015694637975952190e+02
-9.532256840584065571e+01
-8.977980255956467204e+01
-9.393190810742714802e+01
-9.532811344046788804e+01
-9.797284979672579652e+01
-1.253438837171067490e+02
-1.220096689443333702e+02
-1.291255782713492124e+02
-1.222586028410095480e+02
-1.224816698492560789e+02
-1.186960607107365604e+02
-1.147483977465773961e+02
-1.287993240389442917e+02
-1.276624951218187221e+02
-1.182975879471798351e+02
-1.078127863467065595e+02
-1.016943978145836809e+02
-9.650307867917447879e+01
-9.784631636746847505e+01
-9.173643459222232366e+01
-9.013276872611373847e+01
-8.976652996499947790e+01
-9.553554114727599256e+01
-9.219433972110579134e+01
-1.016802936218389846e+02
-9.836673538948527096e+01
-9.722986339220912555e+01
-9.509386695728449013e+01
-1.105506150777328003e+02
-1.052215404638504026e+02
-9.605389498820591143e+01
-9.417907557954309539e+01
-8.777822843766081462e+01
-8.386133510439142924e+01
-8.128224925879121088e+01
-9.727165312672028108e+01
-9.239337921455249614e+01
-9.018376258158461667e+01
-8.423890076045441333e+01
-8.273685199885123609e+01
-7.919552075885646047e+01
-8.594519675452656315e+01
-8.022685000489502727e+01
-7.647825021567928161e+01
-7.137723599230949389e+01
-6.862421151733423130e+01
-7.605749690006541641e+01
-6.768860034798832714e+01
-8.040500066395276235e+01
-7.896056352426285230e+01
-7.197154942041615300e+01
-8.472592329869367234e+01
-7.970854700514072988e+01
-7.852523008566507201e+01
-7.865409721579960944e+01
-6.766605656935033153e+01
-6.881335802450196582e+01
-7.090170410981373550e+01
-7.236847065639484811e+01
-6.517381134390308262e+01
-7.158795837262917416e+01
-6.198229309989632441e+01
-6.368438924468225082e+01
-5.590056684419909061e+01
-7.735768325293415160e+01
-6.715765354041177204e+01
-6.155266114094189334e+01
-6.212327597485320752e+01
-5.664223718837574495e+01
-4.905281123382361130e+01
-5.201269100659413880e+01
-4.267031568498061489e+01
-3.416176099968596702e+01
-3.569351517332580670e+01
-3.219706327568263760e+01
-3.126355157263386886e+01
-3.089855727654868645e+01
-2.428873091933556694e+01
-1.647656311146280217e+01
-1.536897076046054167e+01
-2.306943446322624425e+01
-1.837107635434724884e+01
-1.621643718594686590e+01
-1.318466743517910444e+01
-1.649056643871795558e+01
-2.207041732422775482e+01
-2.651265907074870043e+01
-2.526624673088057094e+01
-1.765312703740560707e+01
-1.934383703089938322e+01
-2.284633652034174744e+01
-1.809614232656971211e+01
-1.503316426667089090e+01
-1.418525659491810309e+01
-1.607934242488370202e+01
-1.468359292616608336e+01
-9.315612352809793606e+00
-3.156250130790793307e+00
-2.752988229756394123e+00
2.303440649473151858e-01
8.212803461606628108e-01
3.228432249089883577e+00
1.929338963676508589e+00
3.710914721352376322e+00
1.072024628141972258e+01
3.884771447890457807e+00
-3.635268642082602142e+00
-6.003381026116116459e+00
-1.533288302313547646e+01
-1.550282456725068236e+01
-2.306235407514272850e+01
-2.441896056479771460e+01
-1.148525755970567808e+01
-6.677903448402558340e+00
-6.042170017604292731e+00
-9.887386886397507624e+00
-1.558574669544551838e+01
-2.689121297278722977e+01
-2.273427994416678288e+01
-2.370292969327874744e+01
-5.262405253027837659e+01
-4.848149248312643067e+01
-3.995372143572217993e+01
-4.320619561933555275e+01
-3.831774550749277353e+01
-4.809539513337112737e+01
-4.319853982316350027e+01
-3.791529870344297848e+01
-3.540186306958140960e+01
-4.069154134905127052e+01
-4.212668904294158523e+01
-4.668337572613262410e+01
-4.510373005307651795e+01
-3.997302693299335630e+01
-4.407546422317982149e+01
-5.256073913767735206e+01
-6.382518348559398902e+01
-6.256510941924605618e+01
-5.606644630965545417e+01
-6.011709581082563147e+01
-6.040062340494201010e+01
-5.756692964089371145e+01
-5.287710986451340034e+01
-4.708294207650661178e+01
-4.387926448970733162e+01
-2.344501414073250345e+01
-2.901080430533261989e+01
-2.740853626459916725e+01
-2.738826223244793567e+01
-3.275058114433944212e+01
-2.829699746556627105e+01
-2.637331531339778223e+01
-2.622454533077391048e+01
-2.386732212279111209e+01
-1.847472703611846612e+01
-1.334525412614630824e+01
-1.203613287379427277e+01
-1.699864990409888321e+01
-1.547971217822158074e+01
-1.626809248069358915e+01
-9.776310820992968331e+00
-9.770358150470869418e+00
-1.232330619828437968e+01
-7.943965664147183858e+00
-3.743170664343464793e+00
-5.588749973397431958e+00
-8.033906138246399209e+00
-5.193183341387028307e+00
-6.578990923711200089e+00
-1.123577341770809390e+01
-7.372196950367360557e+00
-3.282309177405342560e+00
-2.367844264427057865e+00
1.684050431903120781e+01
1.459269122640871430e+01
1.233551840724459936e+01
1.163986914866469746e+01
1.553317152489008990e+01
1.545023926243764834e+01
1.886584229591674244e+01
1.825053695563587297e+01
1.526150280709697427e+01
1.496704847249777437e+01
2.053502925975661952e+01
1.938308496765177580e+01
2.030407865392293232e+01
1.892759452179035051e+01
1.783599331680526134e+01
1.418620214262165113e+01
