-2.805000000000000000e+03
-2.702000000000000000e+03
-2.715300000000000182e+03
-2.722770000000000437e+03
-2.873993000000000393e+03
-2.742593700000000354e+03
-2.768834330000000591e+03
-2.773450897000000623e+03
-2.864605807300000833e+03
-2.927145226570000887e+03
-2.849430703913000798e+03
-2.898987633521700900e+03
-2.869088870169530765e+03
-2.861679983152577734e+03
-2.746511984837320142e+03
-2.788360786353588082e+03
-2.723524707718229365e+03
-2.775672236946406429e+03
-2.783105013251765740e+03
-2.811294511926589166e+03
-2.807665060733930204e+03
-2.768898554660537229e+03
-2.695008699194483597e+03
-2.604007829275035419e+03
-2.582107046347532105e+03
-2.486896341712778849e+03
-2.477706707541501146e+03
-2.523936036787350986e+03
-2.527542433108616024e+03
-2.474288189797754512e+03
-2.408359370817979197e+03
-2.440523433736181232e+03
-2.484971090362563245e+03
-2.506973981326306784e+03
-2.529276583193676288e+03
-2.637348924874308523e+03
-2.592614032386877625e+03
-2.575852629148189862e+03
-2.600767366233370922e+03
-2.558190629610033739e+03
-2.472871566649030228e+03
-2.429084409984127433e+03
-2.419675968985714917e+03
-2.335208372087143289e+03
-2.306687534878429233e+03
-2.302518781390586355e+03
-2.355266903251527765e+03
-2.418740212926375079e+03
-2.333866191633737799e+03
-2.383479572470364019e+03
-2.416631615223327572e+03
-2.461968453700994814e+03
-2.392271608330895560e+03
-2.383044447497806232e+03
-2.399740002748025745e+03
-2.368266002473223125e+03
-2.416939402225900722e+03
-2.390745462003310877e+03
-2.407170915802979835e+03
-2.367953824222681760e+03
-2.327158441800413584e+03
-2.290442597620372453e+03
-2.210398337858335253e+03
-2.175858504072502001e+03
-2.144272653665251710e+03
-2.173345388298726903e+03
-2.193510849468854303e+03
-2.123659764521969009e+03
-2.130793788069771836e+03
-2.150214409262795016e+03
-2.132692968336515605e+03
-2.166423671502864181e+03
-2.179781304352577536e+03
-2.241803173917319782e+03
-2.243622856525587849e+03
-2.230260570873028882e+03
-2.207734513785725994e+03
-2.183461062407153349e+03
-2.130614956166437878e+03
-2.134053460549794181e+03
-2.195648114494814763e+03
-2.227583303045333196e+03
-2.207324972740800149e+03
-2.171592475466720316e+03
-2.141933227920048012e+03
-2.169239905128043574e+03
-2.135315914615239308e+03
-2.113784323153715377e+03
-2.096905890838344021e+03
-2.095215301754509710e+03
-2.075193771579059103e+03
-2.129174394421153011e+03
-2.124256954979037801e+03
-2.112331259481134111e+03
-2.089098133533020700e+03
-2.118188320179718630e+03
-2.070869488161746631e+03
-2.118782539345572332e+03
-2.067904285411014826e+03
-2.089113856869913434e+03
-2.058702471182922181e+03
