-4.714503220029175282e+03
-4.290710030779242516e+03
-2.112839270196855068e+02
-6.873624195307493210e+02
-2.768988542787730694e+03
-4.753064886649837717e+03
-1.320322760600596666e+03
9.046728561818599701e+01
-7.397686834894120693e+02
-3.123773044705390930e+03
-2.576471925981342793e+03
-1.714520763397216797e+03
-4.422596433348953724e+03
-6.628057720661163330e+03
-2.823162689059972763e+03
-2.654312856636941433e+03
-1.977251576639711857e+03
-3.879356602406129241e+03
-1.385076328516006470e+03
-1.997656950669363141e+03
-3.784320206556469202e+03
-9.961056609900668263e+03
-1.088711239228432532e+03
-1.670676171898841858e+03
1.745649825830478221e+02
-2.030883512381464243e+03
-3.218227907452732325e+03
-6.653544056244194508e+03
-4.321428227424621582e+02
-5.639682205244898796e+03
-6.615582961849868298e+03
-5.513033563494682312e+02
-2.670864136759191751e+02
-1.484278964981902391e+03
-1.897767864754423499e+03
-4.136790188744664192e+03
-3.733498612179420888e+03
-1.123229110404849052e+03
-3.146259504534304142e+03
-9.518057949380599894e+02
1.052390400767326355e+02
4.417660632133483887e+02
-3.462659298159182072e+03
-1.600673729337751865e+03
-3.735175920553505421e+03
-3.990751784294843674e+00
-2.806660612229257822e+03
-9.360418205745518208e+02
1.373541324470192194e+03
-5.021758934780955315e+03
-2.804852536391932517e+03
-5.574149733737111092e+03
-6.880667784884572029e+02
-6.262914463052526116e+03
-3.441430705774575472e+03
2.371264834442175925e+03
-7.108997199840843678e+03
1.345213779199169949e+03
-1.919888311043381691e+03
-1.872835247825831175e+03
-4.554121559280902147e+03
1.931449006617069244e+03
-2.578473110847175121e+03
-8.935082914233207703e+02
-1.454684202492237091e+03
-1.512359836060553789e+03
-4.803068769365549088e+03
-1.242765366762876511e+03
1.020808514660224319e+03
5.521991447989996232e+03
8.709346840530633926e+01
5.920376732780424391e+03
-2.073088672965764999e+03
-1.318706575535237789e+03
-4.668583459626883268e+03
-1.094252863690257072e+03
-1.142541683778166771e+03
-1.704249110519886017e+03
4.721931400522589684e+02
-4.273913096688687801e+03
1.231760433316230774e+01
7.755393140874803066e+02
1.522949108252301812e+03
-1.958874135524034500e+03
8.172698014825582504e+02
2.193645793222240172e+03
5.430570227075368166e+02
-3.166258308697491884e+03
4.528184537664055824e+02
-1.690627081088721752e+03
-4.019139539614319801e+03
-3.264679986365139484e+03
-5.078441235058009624e+03
9.757200513588904869e+02
-7.167564895059913397e+02
-1.580747279985807836e+03
2.075980240160599351e+03
1.479045757725834846e+02
2.837717604829464108e+03
2.355468051528092474e+03
-2.865358159810304642e+03
7.963331860415637493e+02
7.412842949852347374e+02
4.932341772180641783e+03
-3.121509314775466919e+02
-5.579831357181072235e+03
2.907876490587368608e+02
-1.213082300204783678e+03
1.340575388573110104e+03
-4.754600985333323479e+03
2.706825588665902615e+03
2.002761788226664066e+03
-1.719630489736795425e+03
-5.331950383231043816e+03
6.397857468500733376e+02
3.611953323386609554e+03
-3.531595279946923256e+02
3.789793412042432465e+03
-3.599136602729558945e+02
6.718903325498104095e+01
-1.673940470293164253e+02
-4.153477405205368996e+03
2.087252325862646103e+03
-2.444957796961069107e+03
2.413875919938087463e+03
-2.826464206030592322e+03
-4.888002355188596994e+03
2.186560401417315006e+03
-2.212426579594612122e+02
-3.975137441623024642e+03
-3.302534445017576218e+03
-1.984772278651595116e+03
1.818388255298137665e+03
-2.886751701183617115e+03
-1.874459268823266029e+02
1.053040458329021931e+03
-3.008643770381808281e+03
-2.164733196325600147e+03
4.461517232433543541e+03
-2.830449545569717884e+03
-1.359626985084265471e+03
3.926643787324428558e+02
2.291781249187886715e+03
2.067848902799189091e+03
-1.198663998723030090e+03
-5.354506216123700142e+02
1.722798684559762478e+03
-3.886373418256640434e+03
1.408081913888454437e+03
1.502986164368689060e+03
2.726435937035828829e+03
1.433608510190621018e+03
2.121123412912711501e+03
4.163168654016684741e+03
2.272773428618907928e+03
-4.479455137774348259e+02
7.917051817700266838e+02
3.097085958272218704e+03
3.667951356492936611e+03
-2.906097398237092420e+03
2.683198987320065498e+02
-3.288391073107719421e+03
-1.190985642336308956e+03
1.110138997673988342e+03
1.613825756791979074e+03
2.738052970580407418e+03
-4.555086568757891655e+03
1.117266358338296413e+03
-9.390027189329266548e+02
-3.885034222989343107e+02
2.688380317978560925e+03
5.862150866586363918e+03
-2.193910473011434078e+03
-1.508876139774918556e+03
1.294940048485994339e+03
-1.957153960317373276e+01
3.414884786445647478e+03
5.814891693033277988e+03
1.192329420190304518e+03
-8.032724843360483646e+02
3.777861025728285313e+03
2.764272319175302982e+03
1.338495645120739937e+03
1.200169623375404626e+02
1.336122903771698475e+03
3.523594112224876881e+03
3.648099106848239899e+02
-1.517255505949258804e+03
-4.505723297595977783e+01
4.079370378891937435e+03
-6.656157025739550591e+03
2.426189999833703041e+03
3.375745973531156778e+03
1.713470593400299549e+03
2.334275474980473518e+03
4.295555020824074745e+03
6.560002348721027374e+02
2.651271198032423854e+03
-1.788131527528166771e+02
2.457436883289366961e+03
2.378589550726115704e+03
1.396454606696963310e+03
-1.363306522667407990e+02
-7.696166864819824696e+02
4.314090432189404964e+03
-3.168595955856144428e+03
1.913218613706529140e+03
3.232336717098951340e+03
-2.720606918022036552e+03
1.596004352793097496e+02
2.197171700999140739e+03
1.226880396019667387e+03
2.212636805042624474e+03
2.030640183091163635e+03
-7.390607704073190689e+02
2.391517803166061640e+03
-5.560741107836365700e+02
5.459734980408102274e+03
2.649386167731136084e+03
6.926064465790987015e+02
2.828069122359156609e+02
4.400852730069309473e+03
4.642714094582013786e+03
2.812615906864404678e+03
2.173974344529211521e+03
4.248604359291493893e+03
1.644158911705017090e+01
-3.913031981501262635e+02
3.372955112665891647e+03
-4.513758357174694538e+03
3.095467657014727592e+03
8.783920063762925565e+03
1.052172740447800606e+03
2.040505663104355335e+03
3.409492409097030759e+03
2.461309425674378872e+03
3.101014611555263400e+03
4.981386125826276839e+03
2.680606078863143921e+03
2.257716107136569917e+03
5.142056061223149300e+03
4.231823547966778278e+02
3.262176838317885995e+03
4.287985775172710419e+02
-8.928109980552922934e+03
4.130618002092465758e+03
-4.635129456520080566e+02
-3.472962582932901569e+03
5.827761862911283970e+02
2.420402599409222603e+03
4.342360011752927676e+03
4.438042244032025337e+03
2.863112165629863739e+03
3.015929895780980587e+03
6.110287756323814392e+02
-9.495397802721709013e+02
4.647315542418509722e+03
3.400116115219891071e+03
6.623628257382661104e+02
3.293829967863857746e+03
-6.988923413008451462e+02
7.711554534628987312e+03
4.345634501330554485e+03
2.202121710628271103e+03
-7.206788513511419296e+02
1.671432734538801014e+03
3.939648675069212914e+03
1.190255106262862682e+03
1.608505226165056229e+03
2.834507468413561583e+03
2.217346495699137449e+03
5.169751647125929594e+03
9.871904059625463560e+03
4.767131393593037501e+03
2.842887851148843765e+02
3.122296525599434972e+03
2.448820967558771372e+03
2.157336113013327122e+03
-2.746799034401774406e+02
-1.744530387409031391e+03
3.191912086255848408e+03
4.194463451360468753e+03
2.259499804522842169e+03
-1.677480425249785185e+03
1.828476649442251073e+04
3.798794279947876930e+03
3.012803253352642059e+03
7.432729146853089333e+02
9.182001068158471753e+03
5.769788431904045865e+03
-2.590085754022002220e+02
3.662707708254456520e+03
-7.787789594605565071e+02
-1.928478707360103726e+03
4.695815400191582739e+03
8.937850330099463463e+02
-2.965230236127972603e+02
2.628911126179620624e+03
8.244763193726539612e+02
4.729745555000845343e+02
3.654189425051212311e+03
3.565686643198132515e+03
1.224966665004639071e+04
1.742074434794485569e+03
2.373116965711116791e+03
-3.716204533770680428e+03
2.059866088613867760e+03
4.878772940926253796e+03
2.446443047966808081e+03
2.981218905568122864e+03
2.719399357620626688e+03
2.015946843020617962e+03
-4.341140224784612656e+01
2.427831589389592409e+03
1.481548764115199447e+03
2.868624221459031105e+03
4.785971429675817490e+03
1.974716518163681030e+03
5.737021844111382961e+03
5.841465063702809857e+03
-3.961294167861342430e+03
4.124001478254096583e+03
3.258121552945114672e+03
5.806847440883517265e+03
7.800945816720525909e+04
4.733799812206998467e+03
2.420269594061188400e+03
3.737065944254398346e+03
4.667494748190045357e+03
3.563498174089938402e+03
4.411323438510298729e+03
3.852028530251234770e+03
1.236007944977468869e+05
3.479095312845893204e+03
4.363432111985282972e+03
4.664118115921504796e+03
6.509382276336406358e+04
4.968872114693313051e+03
5.276491648923081812e+03
5.381623782037295314e+04
1.466273719282238744e+03
2.066754129521548748e+03
4.685574823459610343e+03
4.806013434968888760e+03
-7.606815462384111015e+03
4.696892636679112911e+03
4.607510510897263885e+03
6.223717548802819510e+04
1.860075061462819576e+03
3.632363302552839741e+03
-3.264503332413733006e+01
1.074122631662599451e+04
3.751680037556216121e+03
2.595760745408944786e+03
8.213811283045681193e+03
1.284235896915197372e+03
3.548825188179500401e+03
5.298276529759168625e+03
3.610858581722481176e+03
5.731517061628750525e+03
9.069705007234588265e+02
9.186568741682218388e+03
2.112606484390795231e+03
3.461545602014288306e+03
3.057585703632598743e+05
2.626767347838147543e+03
5.663593417964875698e+03
4.674313628949224949e+03
3.157196858167648315e+03
2.614987892296439531e+04
-1.323767568890936673e+03
1.751205856422195211e+03
5.195806787207722664e+03
6.244292934471741319e+03
8.772266280745156109e+03
4.702416820525818184e+04
4.184242612705279498e+03
1.920532032340764999e+03
1.936742715429514647e+03
3.873580247350037098e+02
4.066619644768536091e+03
2.442649542463012040e+03
5.749071722451830283e+03
4.356608900011051446e+03
2.038688746950589120e+03
8.385655631239729701e+03
7.990937973774503917e+03
3.145632137660402805e+03
2.497819237760268152e+02
4.248174255212768912e+03
4.770748821854872949e+04
9.415685706947580911e+03
4.302193654924631119e+03
1.785657463112846017e+03
1.617419655227102339e+03
6.392594479419291019e+03
4.994334160933271050e+03
1.410397204454988241e+03
4.758594469249248505e+03
8.342150685887783766e+03
1.973343194212764502e+03
-2.468620298579335213e+02
5.722284683647099882e+03
3.029297145236283541e+03
8.712934162744088098e+03
4.462975167229771614e+03
4.395386342965997756e+03
3.511344893815927207e+03
2.509478560318078962e+03
3.562112868268042803e+03
1.192800506031140685e+03
3.082887009920086712e+03
2.584129551272839308e+03
4.282621704941635471e+03
2.856016659076325595e+03
7.744673079904168844e+02
2.502728941622190177e+03
1.414110652167093940e+04
1.634191326342220418e+04
6.398508606023257016e+03
8.902062924928031862e+03
1.685879713584203273e+03
5.715215089504693606e+04
3.058567610844969749e+03
1.135192974576260895e+03
4.553353122443426400e+03
4.365287270317785442e+02
8.453444012699648738e+03
6.354799399144947529e+03
5.216394333885051310e+03
2.264855029125465080e+03
1.213960428666323423e+03
2.549918463582727782e+04
5.431715091474819928e+03
5.500049360539298505e+03
3.309633910682634450e+03
9.236158170154014442e+03
5.079770485837943852e+03
-2.371317727956920862e+03
8.875713427002076060e+03
1.156117273500771262e+03
4.122275524277938530e+03
1.142120541826678891e+04
2.056652251656534645e+03
2.173101682320237160e+03
4.097793211804702878e+03
3.123225428488571197e+03
6.146962329119443893e+03
5.359532915216404945e+03
9.183810112451203167e+03
9.688074364611878991e+03
1.167099856195971370e+04
3.460879821052076295e+03
5.446813973332755268e+03
1.029051617987174541e+04
7.856200526421889663e+01
5.355049746134318411e+03
1.530144423017536246e+04
-7.234167682351544499e+02
6.356138543222099543e+03
1.052432773003773764e+04
4.811753397889435291e+03
1.046662230586633086e+04
-3.993331765519920737e+03
7.138304545313119888e+03
3.300540262225084007e+03
7.265928394423215650e+03
4.832419322425499558e+03
2.469549218561965972e+03
4.405250051850453019e+03
1.160292226460749953e+04
8.242013044811785221e+03
4.799861142197623849e+03
6.412497628684155643e+03
5.256005504082422704e+03
3.856140190288424492e+03
9.542088031191378832e+03
8.638815438956022263e+03
5.885093770357780159e+03
5.942751150769181550e+02
1.018301830040663481e+04
1.498321910395845771e+04
1.191634210195162996e+04
1.077886875759332615e+05
3.887319128934293985e+03
8.387402090882009361e+03
2.388004045183304697e+03
2.423681239159544930e+03
5.710184769794344902e+03
3.646006848208606243e+03
4.337113734753802419e+03
3.379673813863184478e+03
1.408339632568887610e+05
4.991781068736687303e+03
6.692497500546276569e+03
6.217077111177146435e+03
4.216122406074253377e+03
1.526395649561812024e+04
1.312302770272945054e+04
2.012573506399989128e+03
7.453487840145127848e+03
5.456279836631380022e+03
2.966382624546531588e+03
7.233177070360630751e+03
1.062695255551394075e+04
4.056751669833554843e+03
3.664240771483629942e+03
4.454792962601277395e+03
9.934384915505070239e+03
1.012860898138955235e+03
4.869820030804723501e+03
6.905589091643691063e+03
4.688201943029649556e+03
2.893884829401614115e+04
9.162675516627728939e+03
-1.030041294991970062e+02
-1.104065813296474516e+03
5.665703961249440908e+03
7.738507986096665263e+03
-1.746296688602305949e+02
7.976570020766928792e+03
6.134955051392782480e+03
6.236237271423917264e+03
5.951608724967268063e+04
5.178436753865214996e+03
3.246390582802705467e+03
6.437344711300451308e+03
4.006429733926896006e+03
8.803756299889646471e+03
2.488079056940972805e+03
4.283673380526015535e+03
1.126545733768492937e+04
4.722038708850741386e+03
1.325439218913204968e+04
1.322202681456250139e+04
7.862606072480790317e+03
9.618254608627408743e+03
6.037040941659361124e+02
4.030567448107583914e+03
4.258810080235046189e+04
3.493468193896114826e+02
1.665836739227976068e+04
6.343514636524254456e+03
2.121678069322804367e+04
4.237600771907747912e+03
6.115030872186413035e+03
1.728980587446357094e+04
1.780669128267094493e+04
1.065663447972387075e+03
2.564623113790040952e+04
7.127984222190512810e+03
4.121533645411022007e+03
6.917479189890433190e+03
7.194208740853471681e+03
-5.563956382980044509e+03
8.221090950030833483e+03
8.806978048027260229e+03
1.012455686656304169e+04
4.211485514656174928e+03
6.113302556627430022e+03
5.960681423883408570e+04
9.290518196006771177e+03
1.001771459549757419e+05
4.315163729081919882e+03
6.970177758056670427e+03
1.421390651678858558e+05
-9.461609065686598115e+03
4.540933776108548045e+03
1.322720810470596371e+04
1.057982368369627511e+04
8.865867502033768687e+03
1.141336604621319275e+05
1.053405585243500536e+04
-1.642899813207797706e+03
1.603698007067665458e+03
7.934396867498493521e+03
6.665900849866215140e+03
3.101022158975271668e+04
8.806516763445921242e+03
6.649100318501936272e+03
5.225706200227027693e+03
8.303614611074328423e+03
3.322041083105897997e+03
8.814578472448512912e+03
3.726060280993580818e+03
5.170334154635667801e+03
1.231044498660153477e+04
-1.501110837385058403e+03
7.239553134806919843e+03
9.060473973650485277e+03
8.073525469563901424e+03
4.823342528779990971e+03
1.085714696953230305e+04
5.374238772371783853e+03
1.010914607249619439e+04
7.135320620238315314e+03
6.799277314460821799e+03
1.560898987774017041e+04
5.840132056890986860e+03
5.723229718734975904e+03
2.028219402816146612e+03
2.511727259683571901e+04
5.986432162744924426e+03
2.681100798590946943e+04
2.173973250006558374e+03
1.410974954255378725e+04
-1.132966512242914177e+03
2.087198761612256931e+04
7.225948753664270043e+03
2.916066514413803816e+03
3.040210962693206966e+03
1.005929768253501679e+05
1.380168768981774338e+04
3.275271909846092058e+03
1.823355073012345019e+04
4.665344115435786080e+03
1.118048991106636822e+04
8.730979477506130934e+03
1.746931618175469339e+03
6.922970976555712696e+03
2.127025168606545776e+03
7.725581748464009434e+04
7.906582959460094571e+03
7.322439133039209992e+03
9.186567860008683056e+03
7.457387171570211649e+03
1.601190515815932304e+04
3.623716956348158419e+03
4.339460324543528259e+03
6.395324975583265768e+03
9.841069065831950866e+03
1.260511278112046421e+04
4.678323414099402726e+03
4.062158866248093545e+03
1.153139700914919376e+04
1.440328128617699986e+04
6.861108040767489001e+03
1.454416515573937977e+04
3.839522371792700142e+03
2.478089337985120437e+04
2.487453969985126605e+04
4.888883610485121608e+03
8.760021684127743356e+03
-2.447797392807838150e+03
1.066377516282470460e+05
6.846544313678983599e+03
1.107946451264899224e+04
9.458311501920646697e+04
1.016283621211536229e+03
9.902014311894774437e+03
3.932523545211941382e+04
1.231879894119274104e+04
1.226343317069020122e+04
9.277025736507028341e+03
1.245289060623943806e+04
2.029988045588368550e+03
3.101836992030840702e+04
9.103506157790310681e+03
8.409503340225666761e+03
5.320431030386593193e+03
5.950775016723200679e+03
1.014179607867263258e+04
5.304108814722334500e+03
1.878375984675084692e+04
9.639235586723312736e+03
1.711935038782078118e+04
4.110928874613752851e+04
7.510061639925464988e+03
6.171441559665836394e+03
5.862056188702583313e+03
7.215146759612718597e+03
3.953067131966352463e+03
8.122354683141456917e+03
5.537271725340746343e+03
9.509212563069537282e+03
2.111924831613898277e+03
1.475383023524889722e+04
6.463691692680120468e+03
3.497544172717258334e+03
1.941831111067657912e+04
7.520015086771920323e+03
1.334963247151905671e+04
1.266744580850983039e+04
1.477892775328137213e+04
2.321366388841373009e+03
2.863890835481695831e+03
9.821989273122766463e+04
1.453896922061080113e+04
1.261289819003269076e+04
8.984331678088288754e+03
1.452368630065066100e+04
5.533635437294440635e+04
1.748842770683718845e+04
1.893612334053567902e+05
5.710103562980890274e+03
6.585727796893554114e+03
1.855581997899245471e+04
9.358700234221294522e+03
1.740013576481281780e+04
7.393159755561035126e+03
1.693584901083050645e+05
9.525472173026762903e+03
4.191167843932246615e+04
4.945855528958673858e+03
7.782135794523172081e+03
2.403670239461213350e+04
1.061001160924520809e+04
3.952443600337788666e+04
-4.100964233030272226e+02
1.201119877734250622e+04
1.113150190297141671e+04
1.363056991731841117e+04
2.225188086989865405e+04
4.947174982093623839e+03
8.251606513063888997e+03
5.395087637529646599e+03
3.070765474908262331e+04
1.577889435690038044e+04
2.031857875739946030e+04
3.668266046280291448e+03
7.300479850582516519e+03
8.248206569986099203e+04
5.961668739847838879e+03
5.470397203696891665e+03
2.188912671535369009e+04
2.270702813636831706e+04
5.167870669991709292e+03
3.219637963889246748e+04
1.912871022579037162e+04
1.625335483375767944e+04
1.885964599105445086e+04
8.388773399124445859e+03
1.330652561127301306e+04
1.908047997996350023e+04
6.128189405523240566e+03
3.007057723114558030e+03
5.537969405940451543e+04
1.146047216606885195e+04
1.563425538554694504e+04
2.821706873899791390e+03
1.092385456502950838e+05
1.784292608558979919e+04
7.161625847651364165e+04
-2.417409759802227200e+03
1.472628360343083114e+04
3.546299269908504357e+04
1.318640888579486636e+04
7.806520826144310377e+03
7.488997634294210002e+03
1.569816252242364317e+04
3.378392045671585947e+04
2.732658122498100274e+05
1.422340914808321031e+04
1.239193278422526782e+04
6.578772956765090930e+04
2.186958161103722523e+04
4.832787134889276058e+04
3.453590587101586425e+04
1.561269169540703297e+04
9.440064907187595963e+03
1.655928191887188586e+04
3.673297335657927761e+04
4.486238732581365184e+03
9.947465714117797688e+03
1.901851924814346712e+05
3.720662864069322677e+04
6.744918215619400144e+03
1.320596960444057477e+05
7.972678929206289467e+04
2.487981682418466880e+04
8.183345063262589974e+04
1.524158661279413209e+05
8.306240971809526673e+04
9.123792413702700287e+03
1.014877773974826414e+05
4.417348432749251515e+03
4.495658816383220255e+03
6.769162548765540123e+03
1.604106468567406228e+04
5.233248440451605711e+04
2.574342799314146396e+04
1.169583663714630529e+04
3.213180000921723695e+04
1.450717349726334214e+04
4.915865113742183894e+03
5.241571914859375829e+04
2.067449372402761946e+04
2.327152608974068426e+04
1.755587821736000478e+03
2.298345227356381292e+04
2.994263711954024620e+04
1.179062396817561239e+04
1.219693617123123549e+05
9.495399165524916316e+04
9.722301254061982036e+03
1.136009780989075080e+04
3.277149358391098940e+04
3.075742307234195323e+04
3.779580701561371097e+04
1.056138785395605519e+05
2.387129030265482288e+04
2.235531141985161230e+04
3.147957085354796436e+04
2.759318930582691246e+04
7.886852095602634654e+04
2.434222393683382688e+04
1.878874910910939798e+04
3.707258783797733486e+03
6.932530879356898367e+03
1.065521740876838448e+05
2.098447512636746251e+04
3.249729956915602088e+03
3.041534954003734128e+03
1.768748302177399091e+04
8.388280590069480240e+03
2.496438026503984474e+03
6.495212798134656623e+03
7.232716940835118294e+03
4.922113070345250890e+03
-4.172336667455132556e+03
4.613152886097827286e+04
8.770051547737792134e+03
2.762006176391965255e+03
5.650147101756835036e+04
1.091862962749068174e+04
6.271647765945512219e+03
2.285538571657194188e+04
7.836321267891349271e+04
1.901530123625323176e+04
2.687240709065158808e+04
9.171378417907375842e+04
1.091948583822790533e+04
7.946226383030571742e+04
2.489136690867537982e+04
2.999409833538685780e+04
5.531669574126601219e+03
5.973282274744473398e+03
1.171940487008006312e+04
9.257411075929179788e+03
1.284428742918679200e+04
2.473001605287588609e+04
4.896955854105297476e+03
2.673787154988451221e+04
1.693463142058935191e+05
4.763303496714460925e+04
4.822581942908465862e+03
1.909465829981956631e+04
2.008081151368796782e+03
1.130642830833876069e+05
3.314956829117470625e+04
1.349564680956759839e+05
1.105871267406502739e+04
1.034949370910222933e+04
6.518279421440929582e+03
1.003848544500960124e+05
6.690275123505042757e+03
2.451673775286879390e+04
1.622962125361833605e+05
1.775653483230201527e+04
3.108817580588860437e+03
3.280869578501087381e+04
9.094086747615598142e+03
1.068524110532001796e+05
2.344792179122914240e+04
2.529567065711977193e+04
3.087663510526241589e+04
1.582015099440056074e+05
1.076518324639579369e+05
1.389011767686321400e+04
-2.000248533156631311e+04
1.368207447694815055e+05
2.443695067008854676e+04
1.399411460654091206e+05
7.477394277863204479e+03
6.881565306407473690e+04
2.570656689865054068e+04
1.449854963217755540e+04
7.758560708582401276e+03
3.386035327581688762e+03
1.419148210929031484e+04
1.452793297329067718e+04
6.799859135159025027e+04
9.206183571195935656e+04
1.716351417701936443e+05
7.235426598601993464e+04
2.914406865629940148e+04
1.088112855828064494e+04
1.442299336582073011e+04
4.954489348208850060e+03
7.366285765919067671e+03
3.428719772047006700e+02
8.133375517912209034e+03
